mutation	Amplicon	SC-Leu pre 5FOA_1	SC-Leu pre 5FOA_2	SC-Leu pre 5FOA_3	SC-Leu+5FOA_1	SC-Leu+5FOA_2	SC-Leu+5FOA_3	SC-Leu post 5FOA_1	SC-Leu post 5FOA_2	SC-Leu post 5FOA_3	SC-Leu+MPA_1	SC-Leu+MPA_2	SC-Leu+MPA_3	SC-Leu+15mM Mn_1	SC-Leu+15mM Mn_2	SC-Leu+15mM Mn_3	YPRaf_1	YPRaf_2	YPRaf_3	YPRafGal_1	YPRafGal_2	YPRafGal_3	SC-Lys_1	SC-Lys_2	SC-Lys_3	SC-Leu+Form_1	SC-Leu+Form_2	SC-Leu+Form_3
[WT]	160293	66749	75483	77324	205908	226116	201305	210652	198492	195904	181504	169277	181353	161574	182507	178760	234785	228155	209635	28486	26247	28568	163489	51231	117994	201121	256111	225779
[E1103G]	1187	498	599	417	199	345	178	57	84	63	6	7	6	13	10	9	47	67	34	77	259	80	108523	168121	49396	93	208	108
[S1096W]	1460	397	523	448	24	33	61	6	5	14	1		2		2	22	5	6	10	325	567	933	31010	66808	109566	2	11	17
[A1090P]	1252	454	434	496	362	175	375	199	105	208	423	190	322	401	219	479	169	94	118	68101	29055	96714	12	7	7	30	28	32
[E1103S]	1387	435	681	523	169	341	195	62	67	31		1	3	13	27	30	40	82	43	40	55	17	32670	75940	24849	85	283	116
[E1103A]	1639	490	627	685	221	213	438	95	52	113	3	3	4	36	21	58	68	39	101	40	27	687	20472	35076	50051	186	171	392
[T1077N]	1218	321	409	349	226	301	100	56	42	29	477	674	212	579	1318	427	78	65	31	30864	49211	17457	5	11	3	7	3	4
[S1096P]	1377	380	511	429	194	279	347	66	95	116	284	370	418	804	1003	1595	38	65	64	18144	32167	44183	9	8	14	18	10	12
[E1103N]	1490	485	569	518	174	320	250	72	61	110	1	1		18	40	40	49	83	84	54	69	61	27820	34249	33103	121	296	156
[G1097E]	1243	352	440	376	35	15	21	5	3	11	4	1		4	1	2	3			16	2	13	41459	26265	14959	3	7	2
[E1103C]	2024	655	906	623	351	321	277	95	92	73	17	1		43	39	35	50	89	84	83	45	71	14031	25274	29039	213	357	159
[P1099L]	2380	767	932	769	700	501	445	332	232	158	1743	1361	1248	3466	2705	2553	304	194	181	21640	15177	14270	20	11	11	1		14
[S1096A]	991	377	316	504	1006	437	1219	1030	390	1214	708	286	820	680	342	825	1121	448	1156	84	52579	602	76	25	58	1143	496	1566
[K1093M]	1214	322	411	330	197	142	133	76	78	85	43	41	39	48	56	40	76	67	86	49	43	138	24817	28585	12447	154	127	134
[K1093N]	1630	597	830	686	1340	2159	2048	1562	2074	2164	2582	3726	3878	1693	2811	2798	1472	2138	2092	198	332	25679	168	114	177	599	1272	1128
[A1076M]	917	175	334	207	21	71	32	5	11	2		6			6		2	2	7	15	212	142	7066	37441	19946	6	40	6
[V1098M]	1927	815	1004	1101	2201	4677	3598	2076	4349	3155	1350	2434	2311	1509	3550	2540	2059	4051	3500	429	235	208	1352	435	81	2961	6308	4732
[K1092M]	1725	661	830	898	1478	3996	2792	1565	2975	2755	1463	2806	2763	1231	2788	2499	1914	3233	2705	267	376	289	1622	11845	663	1330	3564	3393
[G1097V]	1016	348	393	397	189	112	156	95	70	139	44	32	32	51	57	67	62	39	64	23216	11551	22638	664	390	301	64	40	59
[I1104V]	1281	594	594	563	2173	2624	1699	2275	2398	1593	1537	1534	1292	1703	2102	1540	2413	2192	1608	330	132	210	96	22125	73	2123	2727	1750
[L1105K]	1450	412	542	539	280	298	292	90	121	132	674	663	862	511	541	538	159	197	206	17442	16302	17578	61	6	7	7	14	5
[A1090E]	1246	469	659	741	1221	2888	2297	1316	2613	2079	1189	2219	2166	880	1867	1774	1191	2658	2046	168	19177	259	37	80	45	1219	3496	2500
[V1094S]	1532	564	689	627	660	897	1128	440	648	657	2813	3396	4825	1686	2571	3239	471	594	731	571	522	2264	27	29	25786	21	40	64
[A1076I]	792	245	306	245	109	61	89	23	16	30				11	7	6	20	16	9	19	20	21	19799	27581	5720	65	87	42
[T1095G]	1383	631	636	757	1551	1935	1616	1311	1522	1326	654	633	636	1088	1470	1796	900	1273	1019	16766	221	131	10145	33	31	1369	1982	1413
[K1093L]	1049	324	327	352	203	158	249	45	62	79	2		1	46	32	71	26	45	33	171	81	24590	5384	2830	17168	158	166	233
[N1106K]	1979	789	803	947	1868	1853	2348	1596	1375	1848	6629	4563	8227	1495	1570	2070	2132	1852	2133	428	305	369	215	83	652	1382	1753	2101
[A1090F]	1418	533	895	611	1940	2710	1546	1926	2199	1380	1031	1265	957	1046	2017	989	1879	2466	1315	223	171	166	81	59	18044	1955	2681	1667
[V1094T]	1373	365	522	546	477	574	473	254	279	261	1686	1748	2069	1291	1567	1626	240	360	319	1208	34180	1390	17	18	62	8	4	17
[V1094P]	1240	307	421	389	72	65	45	18	6	1	59	14	36	277	39	192	11	4	7	23558	8016	15628	1	4	1	2	2	
[K1102L]	1602	674	726	765	1626	1400	1811	1371	995	1437	2735	2385	3162	1966	1964	6133	1359	1356	1526	786	281	556	81	39	11062	498	631	829
[L1105N]	2479	897	1105	1256	2077	2220	2574	1656	1452	1988	4239	3295	5339	2653	2955	3989	2099	2271	2386	511	330	513	73	62	66	193	383	398
[S1091P]	1572	433	607	475	176	278	141	95	131	66	150	233	95	419	670	286	70	87	49	9028	23111	10191	7	11	5	103	117	83
[V1098I]	1215	505	710	568	1432	3664	1034	1479	3239	1063	1317	3032	1162	1263	3269	1281	1555	3531	1227	292	646	198	61	97	8025	1291	4114	1184
[L1101I]	1462	840	840	575	2752	4073	1270	2529	3160	1141	1918	2266	827	1772	2646	789	2847	4095	1104	399	420	73	94	125	78	3007	5155	1572
[P1099A]	1658	604	669	684	1372	1424	1145	1046	932	943	6790	6728	5464	3617	3437	3252	1296	1047	941	1885	1149	1274	66	29	40	94	121	88
[V1098Y]	2155	680	930	780	1273	1556	835	1049	991	671	6226	5856	4251	3088	3453	1940	1199	1187	764	207	110	105	72	7897	15	80	123	71
[K1102A]	1730	860	902	868	2098	2534	2600	1944	1871	2531	3065	2674	4113	2107	2493	2901	2193	1955	2099	793	323	471	84	263	68	869	1354	1511
[T1077M]	1337	491	564	513	709	1146	1115	556	735	758	3313	4123	5233	2123	3256	3390	483	666	720	3222	4610	7747	32	56	24	69	144	137
[A1090M]	1586	915	831	637	3044	2857	1408	2804	2183	1092	2038	1709	998	1803	1775	856	3130	2419	967	6679	134	116	101	69	31	2733	2856	1065
[P1099Y]	2269	656	892	745	719	672	583	441	518	360	2315	2112	1973	1986	2100	1638	464	441	338	13943	6008	5205	34	21	14	56	78	68
[P1099D]	1518	522	549	568	589	426	459	331	224	198	3099	2045	1807	1954	1313	2131	221	154	187	11519	7275	8807	31	14	17	6	10	11
[T1077V]	760	243	280	293	159	123	323	117	88	199	670	583	1605	367	343	937	65	45	124	8115	8768	21391	7	4	11	5	8	27
[N1106I]	1758	654	844	821	2034	2375	2408	2083	2279	2562	2367	2066	2493	1680	1825	2011	2585	2460	2555	185	96	660	168	194	114	1734	2184	2374
[K1093D]	1107	397	526	632	1063	832	1306	1020	749	1040	2840	2028	3243	1451	1258	2269	1021	747	1076	214	147	203	38	18	19127	257	289	347
[S1096K]	1926	958	766	788	3204	1972	2347	2890	1631	2414	2081	1415	1954	2100	1147	1844	3233	1726	2306	304	304	248	94	48	63	2838	1977	2507
[R1100G]	1281	477	457	522	767	529	784	587	340	506	658	499	690	1054	907	1415	374	248	419	10232	6456	11346	30	35	3426	146	166	203
[L1105V]	1536	747	863	854	2741	2562	1983	2939	2514	1790	2153	1661	1566	2532	2536	1923	2904	2823	1726	297	119	153	106	172	49	1640	1748	1388
[K1092H]	975	385	564	374	1006	2054	964	958	1633	792	513	858	465	599	1215	536	958	1652	739	139	87	66	41	20834	1487	947	2276	810
[P1099Q]	1486	549	856	606	759	1738	1338	649	1378	911	3846	7650	5912	1752	4716	3862	635	1410	981	580	802	780	40	61	36	109	216	195
[N1106Y]	1747	620	855	816	1944	2058	1720	1463	1200	1606	3139	3362	3235	2653	3363	2711	1901	1987	1712	655	575	497	72	54	43	916	1147	1544
[K1092R]	1639	665	789	766	1966	1602	1726	1446	1365	1629	4540	3456	4587	2727	2441	3177	2111	1656	1881	454	203	327	75	134	73	525	719	693
[K1093E]	1550	656	659	706	2957	984	2098	2702	953	1536	5199	1991	3935	3543	1259	2873	3020	922	1887	460	89	239	109	27	65	895	456	979
[F1086Y]	2120	619	806	891	1771	1853	2328	1746	1705	2142	2137	2112	2841	2292	1975	2325	2014	2407	2198	207	364	199	64	61	54	1223	2019	2010
[N1106L]	1647	747	706	774	2618	2142	2130	2383	1548	1900	2231	1498	1991	1680	1501	1817	2858	2248	2246	165	97	145	84	44	41	2416	2325	2424
[T1095S]	1417	596	656	900	1995	1876	2748	1963	1523	2404	1978	1639	2749	1558	2238	2061	2257	1690	2679	195	1063	233	59	63	64	1575	1401	2672
[K1102P]	1959	650	752	680	387	386	414	208	170	198	399	366	392	1111	1056	1094	101	97	101	10458	10498	10524	21	11	22	5	14	9
[E1103D]	1198	515	752	590	1979	3091	2021	1729	2406	1980	982	1318	1210	1088	1835	1444	1886	2326	1994	139	213	126	418	368	381	2455	4226	2863
[K1092I]	1408	504	701	678	1278	2499	1058	1173	2155	850	3272	5664	2497	2273	4696	1778	1596	2815	1040	261	478	152	40	124	31	456	1260	505
[K1093Q]	1376	628	697	590	2379	2104	1410	2545	1972	1439	3137	2221	1820	2587	1962	1422	2868	2089	1539	248	118	141	409	60	37	1618	1639	1174
[K1102I]	1633	712	736	972	2336	2235	2036	2164	1556	1836	2399	1777	2136	1582	1503	1304	2301	2003	2065	407	537	443	74	56	50	1695	1977	1686
[K1102H]	1671	705	835	700	1828	2495	1440	1921	1857	1426	3164	2996	2372	1869	2142	1376	1982	2147	1259	926	339	320	69	67	30	931	1617	1058
[P1099F]	1792	524	673	627	564	481	462	257	234	224	1619	1190	1834	2627	1791	2058	319	267	185	7377	7562	6780	25	21	24	7	5	10
[I1104L]	1786	688	823	892	2212	1994	2021	2491	1701	1835	1258	1081	1179	1535	1857	1548	2387	2019	1540	199	144	211	102	62	49	2365	2647	2504
[A1090L]	1473	573	698	799	2092	3150	1902	2134	2676	1638	1117	1209	844	1238	1694	982	1941	2757	1677	327	225	117	88	97	55	2148	3536	1940
[A1090N]	1630	659	855	618	2142	2604	1300	1806	2240	1214	2164	2813	1464	1677	2186	1237	2132	2692	1163	282	257	274	71	1212	45	1173	2007	878
[T1095N]	1505	585	851	776	1496	2403	1884	1512	2105	1677	1722	2311	2345	1261	2268	1736	1670	2573	2095	242	128	182	57	316	41	991	2244	1649
[R1100W]	1845	639	748	773	1040	1538	1250	957	1288	894	3750	4625	4634	1667	2481	1950	1141	1616	1171	464	148	380	44	44	2150	123	333	240
[N1106M]	1124	528	453	550	2211	1880	1553	2473	1788	1580	2239	1552	1692	1314	1178	1009	2708	1984	1520	158	73	83	1315	58	36	2536	2327	1903
[T1095W]	961	426	449	485	1106	1508	1224	1068	1382	1025	939	1114	1024	890	1226	1163	1242	1339	1123	147	86	93	41	50	13958	913	1379	1239
[G1097L]	1571	370	522	472	65	56	139	12	6	11	2		9	2	6	6	2		18	1410	970	2356	5201	8758	15544	23	11	33
[T1095M]	1391	556	800	466	1859	2476	545	1640	1867	561	4590	5300	1723	2366	2858	896	1873	2107	583	447	320	114	68	61	18	595	937	264
[N1082E]	1421	417	545	511	689	748	459	415	466	311	2637	2609	2002	1894	2196	1539	552	489	292	6029	6184	4666	30	24	8	27	28	21
[R1100V]	1450	467	700	662	736	1794	1938	518	1328	1607	423	653	1073	562	1496	2125	627	1050	1578	87	163	351	32	11555	55	583	1705	1588
[S1096R]	1316	475	559	657	1537	1562	2101	1522	1384	1782	2411	2455	3380	1703	1749	2477	1916	1771	2069	296	150	247	57	58	39	802	1075	1143
[K1092L]	1278	508	637	586	1193	2869	1377	1174	2427	1331	1442	3184	2141	1340	2847	1465	1324	2611	1427	110	184	163	41	60	22	964	2523	1283
[K1092A]	1411	641	715	782	2702	2173	2128	2572	1836	1637	701	541	553	1327	1218	1034	2064	1734	1401	218	99	167	81	56	53	3047	3186	2336
[P1099V]	1236	411	463	459	376	120	294	167	37	98	610	131	547	1841	679	1417	137	48	65	13692	4507	8775	26	2	2	1	2	2
[L1105D]	1616	544	629	701	569	589	1077	516	449	850	974	739	1805	726	733	1474	622	483	1050	5363	6564	7370	13	19	22	59	70	170
[S1096L]	844	349	419	435	1052	1247	1111	981	1241	1107	791	891	907	710	1063	1774	940	1451	1051	165	394	220	34	54	12320	1001	1681	1343
[A1090S]	1455	661	631	634	1858	1247	1613	1829	1055	1451	3364	2096	2793	2250	1381	1981	2270	1343	1721	254	118	219	98	45	48	997	919	1198
[F1084T]	1274	368	506	413	312	373	279	186	176	160	1063	924	691	1155	1330	928	75	75	51	7679	9555	7692	11	10	8	22	34	27
[K1092S]	1584	779	664	768	2631	1387	2120	2685	1153	1818	1371	610	1299	1655	788	1685	2394	1184	1876	220	615	132	75	27	79	2087	1228	2320
[T1077I]	679	218	293	267	312	447	389	169	219	255	1441	1327	1830	747	1055	1128	178	295	268	6597	8320	8643	18	9	14	15	45	33
[N1082C]	984	271	346	272	23	72	37	12	5	1	17	37	20	157	511	213	4	10	6	5365	18309	8436	1	4	1			1
[K1102G]	1628	803	898	922	2079	2444	1910	2170	2179	1753	941	998	837	1191	1528	1288	1698	1744	1270	278	289	174	53	60	34	1648	2400	1863
[A1090V]	1474	610	723	834	1364	2089	2230	1288	1604	2078	1296	1626	2182	931	1557	2088	1340	1627	2270	130	129	303	94	59	95	905	1943	2061
[K1102T]	1492	626	651	651	1711	1589	1400	1307	1343	1036	3301	3122	2826	1958	2425	2279	1417	1436	1172	476	344	392	47	34	43	415	745	624
[T1095Y]	1505	600	677	807	2214	1402	2597	2205	1099	2389	789	409	910	1176	621	1300	1866	1041	2020	158	210	115	57	37	68	3063	1540	3620
[N1106E]	1041	332	495	504	1363	990	1334	1014	665	1062	5045	3912	5560	1282	1074	1742	1291	935	1358	533	310	408	54	33	27	576	547	949
[A1076C]	1759	848	831	807	2207	2258	1510	1989	1665	1296	733	643	535	1451	1162	942	1735	1433	1208	148	71	1092	65	49	31	2796	2930	2164
[V1089C]	1242	393	556	613	1073	1444	2385	1056	1166	2410	1205	1741	3344	1082	1591	3411	1149	1406	2351	456	88	216	237	31	57	585	1177	1759
[K1102F]	1429	490	549	582	1024	2092	1160	840	1533	670	2013	3978	1894	832	2249	1029	930	2031	1049	543	1139	686	37	2935	49	458	1328	631
[E1103V]	1553	545	637	677	297	309	392	102	84	104	2	1	9	48	75	60	56	67	74	51	37	140	4742	10952	12037	205	157	258
[T1080C]	1059	418	539	643	1351	1691	1911	1256	1365	1847	1168	1339	2072	1097	2315	2296	1525	1559	2022	102	61	219	47	44	37	1394	1872	2320
[K1102Y]	1410	588	648	757	1206	1294	2212	1146	889	1992	1772	2874	3356	982	1067	2044	1322	1216	2311	364	228	606	47	31	52	714	808	1609
[F1086H]	1505	567	510	744	1508	672	1904	1251	583	1762	3836	1532	4921	2205	1003	3025	1411	598	1549	337	85	560	49	17	39	361	191	535
[S1091T]	1709	536	775	689	1262	1515	1037	1129	1318	918	3335	3669	3125	2012	2477	1882	1399	1547	1142	243	186	186	53	37	58	228	370	313
[L1101C]	1675	622	761	1040	1352	2291	3198	1089	1743	2568	260	464	859	783	1196	1941	823	1301	1990	73	437	156	44	36	259	1390	2074	2715
[R1100A]	1083	521	546	531	1799	2380	1300	1835	2195	1137	1308	1436	879	1267	2443	1037	1885	2070	890	190	150	152	55	54	40	1716	2693	1417
[N1106C]	1468	596	665	612	1891	1724	1206	2118	1400	1183	2239	1641	1314	1383	1080	808	2451	1673	1116	175	97	101	78	41	29	2460	1878	1564
[A1076T]	1096	817	711	969	2014	2437	1880	1440	1512	1187	159	141	222	1658	1876	1466	964	1048	954	140	94	174	1177	79	60	2704	3435	2495
[I1104N]	1808	590	672	817	1748	1585	1977	1744	1434	1671	1176	887	1154	1523	1311	1572	1808	1432	1589	249	151	215	696	228	497	1227	1502	1482
[P1099S]	1459	492	653	528	732	846	595	599	663	499	3435	3656	2742	2011	2381	1630	679	748	486	2818	2959	1650	27	34	25	59	137	71
[F1084H]	1472	446	582	438	301	749	262	167	436	121	55	156	60	546	1338	585	60	69	32	4034	13931	4700	92	1586	12	88	180	41
[G1097K]	1322	488	599	461	645	986	457	474	629	246	731	857	337	1435	2013	1105	272	405	193	1332	1742	858	14430	31	8	137	214	83
[K1092Y]	1183	522	600	439	1334	1241	1605	977	725	1054	229	237	345	525	583	687	862	590	1253	66	92	103	12152	39	26	1552	1585	1830
[L1105Y]	1888	746	975	752	1669	2653	1462	1404	2151	939	757	1203	747	1490	2471	1583	1353	2161	1065	208	171	211	58	56	35	1233	1941	938
[N1106W]	1273	607	468	681	1548	749	1695	1448	656	1244	2806	1331	2619	2192	1361	2692	2067	1068	1681	354	142	252	51	20	50	1026	711	1386
[K1102M]	1761	581	739	852	1647	1294	1876	1445	938	1594	2462	1390	2894	1630	1165	1832	1527	1113	1731	383	195	337	166	66	150	755	610	1006
[K1092T]	1420	569	784	674	1821	2499	1479	1800	2244	1621	872	1012	733	1015	1544	948	1522	1908	1160	210	110	92	64	75	24	1601	2628	1708
[V1089F]	1828	497	678	616	577	520	883	337	305	361	2029	1415	3498	1857	1257	3187	313	253	393	3300	2574	4991	77	35	63	84	85	85
[L1105F]	1266	605	628	689	1887	1697	1455	1841	1168	1416	1243	905	899	1403	1021	903	1923	1633	1519	1916	77	104	220	102	128	2109	1840	1489
[L1105I]	1244	525	537	600	1566	1409	2252	1814	1195	2346	1006	616	1353	1281	1056	1920	1814	1434	2239	203	57	179	67	30	91	1448	1327	2448
[K1102R]	1359	515	640	784	1522	1101	2464	1734	1052	2194	1187	800	1803	1119	934	2169	1643	1298	2307	274	59	196	37	36	73	1196	1121	2431
[T1095H]	1108	462	585	444	1442	1668	1310	1298	1404	935	318	248	287	651	693	737	1119	1186	1121	694	46	60	43	8140	16	1669	2342	1783
[R1100L]	1467	726	845	689	1771	2952	945	1458	2296	826	613	882	369	1462	2644	958	1330	2379	687	164	183	81	67	60	23	1684	3193	908
[T1095I]	1460	593	680	732	1425	1548	2068	1521	1271	1778	785	612	1009	849	1019	1384	1488	1588	1793	127	96	480	54	34	44	1933	2223	2903
[T1095C]	1378	540	596	634	1033	1097	805	595	547	438	3628	3437	2915	2462	2614	2039	550	767	541	1109	826	797	56	33	1897	20	47	42
[V1089L]	1660	581	732	588	1520	1387	761	1365	1113	519	4625	3554	2310	2154	2341	1388	1443	988	594	503	259	138	58	39	24	246	338	189
[I1104M]	1445	564	659	597	1289	2524	1734	1412	2165	1383	503	760	667	777	1496	1007	1229	1876	1283	98	413	256	80	95	53	1633	3147	2147
[T1095V]	1053	384	457	652	830	1829	2560	872	1553	2304	434	883	1401	397	1203	1840	734	1760	2420	58	79	948	35	47	45	932	2121	3383
[F1084S]	1798	463	594	575	127	118	204	93	59	78	274	345	610	483	502	947	21	7	36	5913	7270	10137	33	385	11	3	1	4
[S1091M]	1299	531	619	666	1141	2311	1615	1015	2060	1472	791	1656	1417	714	2000	1349	1134	2288	1557	134	153	166	33	150	32	883	2275	1499
[T1095E]	1335	505	573	785	1203	2040	2239	1198	1627	2138	985	1393	1750	820	1189	1365	1018	1532	1625	146	114	183	103	33	35	1172	1962	1635
[L1101S]	1200	394	379	502	192	111	433	58	53	96	1	3	19	56	37	171	49	31	89	1022	22	189	5431	3465	16339	42	27	88
[N1106F]	1056	355	401	385	1175	982	817	855	726	447	3380	2674	2471	2745	3226	2155	1112	1093	836	958	661	614	32	31	18	378	499	397
[K1102N]	1858	618	771	856	1370	2071	1620	1227	1878	1323	1026	1264	1128	913	1810	1246	1016	1766	1331	319	390	359	331	139	291	812	1479	1208
[L1101V]	1103	396	555	439	995	1606	646	984	1426	671	2070	3208	1928	1431	4599	1332	1107	2179	983	231	199	716	35	45	19	320	711	306
[A1090I]	1239	535	474	616	1647	1066	1740	1543	833	1366	2183	1068	2554	1683	899	2134	1815	1064	1787	231	70	297	335	32	75	742	741	1333
[R1100S]	1296	465	546	556	654	486	636	389	318	421	247	242	282	1268	946	1547	294	216	322	6635	4378	7027	15	5	11	232	224	222
[T1095Q]	1359	512	552	707	1180	1467	2354	1343	1328	2358	627	765	1370	660	810	1489	1229	1102	1903	85	86	239	45	70	58	1282	1785	2953
[T1077C]	1834	478	654	566	141	182	248	47	45	85	168	262	440	779	824	1227	33	45	98	5547	6454	9531	4	7	12		1	5
[S1091L]	1307	433	678	486	1379	1998	910	1242	1916	785	2070	2783	1191	1322	2116	906	1560	2138	934	349	339	108	48	54	30	753	1402	473
[L1105M]	1275	410	556	550	1656	1504	1144	1600	1383	1279	1450	1385	1162	1245	1331	1274	1699	1809	1365	170	92	123	726	367	130	1333	1552	1097
[T1080A]	1208	251	375	336	222	160	164	151	145	125	157	135	123	396	192	238	179	169	155	15499	4526	3564	126	33	80	126	137	159
[K1093G]	1338	599	635	881	1804	1650	2235	1745	1046	2045	483	355	738	1106	709	1359	1242	981	1398	130	45	237	55	28	58	1963	1553	2702
[L1101Y]	1383	493	552	495	584	886	758	384	590	473	2643	4318	3230	1313	1978	1844	382	610	463	216	241	567	50	45	4316	30	52	39
[A1090T]	1207	484	616	526	1245	2005	1062	1144	1822	1031	1423	1909	1202	1120	1741	1023	1288	2157	930	203	613	220	149	117	34	862	1747	809
[V1098F]	1543	483	681	529	1237	1181	1164	1251	1174	1084	1560	1435	1436	1273	1421	1468	1533	1284	1305	108	72	146	47	138	1028	1425	1377	1242
[L1101M]	1088	493	472	644	1778	1111	1804	1468	724	1445	339	158	343	994	650	1198	1481	652	1396	165	19	98	60	36	3161	2426	1851	2549
[F1086T]	1686	624	710	748	760	959	1033	580	472	664	3154	3359	3903	1909	2157	2286	529	638	743	595	355	452	25	28	32	59	43	68
[A1090H]	1084	549	520	524	2520	910	1612	2253	876	1654	1346	506	1190	1264	543	1155	2120	939	1541	229	58	178	78	34	44	1893	783	2121
[K1102C]	1546	559	852	539	1645	2044	797	1459	1688	668	1405	1809	955	1255	2528	775	1767	1906	791	243	219	98	41	43	38	765	1411	636
[A1087S]	2380	682	907	761	1187	1296	1175	1240	1177	1124	1063	1037	1045	921	1128	997	1368	1334	1213	159	130	157	979	296	657	1158	1497	1374
[A1090Q]	1381	590	495	636	1370	1044	1156	1206	920	938	3347	2372	2413	1744	1679	1580	1314	1087	1011	346	274	210	57	36	40	340	450	400
[F1084A]	1631	445	591	422	69	151	106	26	49	19	60	137	73	201	496	272	2	4	13	5800	10308	7504	5	8			1	
[A1090Y]	1388	502	706	730	1800	1812	1465	1564	1463	1201	912	727	638	915	892	709	1566	1454	1136	470	89	337	59	70	96	1950	2048	1690
[S1091Q]	1493	676	746	700	1999	1875	1388	1847	1660	1184	531	400	387	860	990	693	1507	1259	925	289	152	77	72	82	32	2087	2419	1676
[K1093H]	1861	761	797	800	1624	1528	1008	1200	847	711	193	118	116	1475	1261	992	1025	821	724	112	31	79	3710	34	49	2268	1906	1874
[I1104A]	1034	504	482	626	1799	1179	2055	1693	875	1937	610	286	765	1040	1279	1426	1726	924	2031	241	209	121	60	37	47	1643	1113	2141
[V1089A]	2377	657	824	998	808	688	854	546	396	606	2652	1897	2870	2220	1730	2407	661	366	533	1256	1046	928	54	24	40	81	88	96
[K1092Q]	1003	414	528	677	1098	1885	2181	1056	1615	1612	477	622	866	660	1164	1402	924	1493	1361	81	138	109	51	104	61	1180	2500	2407
[G1097I]	1320	349	557	450	74	68	69	27	7	10	9			6	3	2	9	6	5	5269	9667	6835	661	1988	240	3	5	1
[N1106G]	1077	392	471	521	1576	822	1539	1748	611	1509	1327	614	1346	1227	498	1278	1907	732	1423	114	44	101	2342	35	194	1733	747	1701
[L1101F]	1324	535	522	671	1390	2147	1470	1330	1576	1245	383	463	410	891	1163	943	1074	1357	913	119	154	102	143	86	183	1964	3004	2018
[G1097A]	1493	513	709	625	882	1384	1380	712	1184	1448	428	700	731	1378	2725	2759	598	1088	954	529	717	802	69	39	65	782	1484	1347
[K1092V]	1468	583	549	553	1621	1243	1173	1576	1270	1223	1511	899	1168	1384	1087	1108	1732	1131	1446	150	94	158	65	26	30	1416	1404	1321
[K1093A]	1223	488	627	560	1527	2197	1400	1645	1752	1102	597	604	501	886	1110	745	1203	1513	950	87	131	69	44	54	38	1649	2687	1852
[V1098T]	1472	565	618	653	1339	1458	1370	1110	1016	963	170	176	196	1188	1266	1459	1012	1080	896	134	61	201	2908	41	39	1765	2101	1947
[K1102E]	1024	470	469	462	1778	1140	973	1290	844	692	3455	1978	1885	1984	1300	1272	1525	803	814	1364	542	334	72	22	24	261	225	194
[N1106V]	1254	497	442	548	1428	1166	1188	1175	1174	923	2175	1405	1975	862	1164	852	1610	1334	1496	154	45	82	65	39	34	1251	1420	1365
[T1095A]	1053	405	607	472	832	2044	1002	727	1756	855	1163	2829	1574	774	2734	1017	783	2163	729	273	895	120	76	55	28	314	1248	432
[K1093S]	1418	551	726	537	1485	1437	1380	1553	1319	1175	1142	1013	993	1027	1205	1046	1412	1377	1224	112	81	66	37	35	40	1352	1652	1489
[S1091A]	1459	581	637	508	1171	1057	826	879	772	760	3026	2485	1835	1887	1728	1433	1277	1004	765	279	198	1013	44	28	15	302	328	362
[V1094M]	1363	504	457	715	962	508	1728	1072	370	1746	2122	915	4113	1559	700	2276	1220	590	1748	197	88	368	38	13	48	320	207	678
[K1093P]	1317	600	515	498	1926	1105	802	1674	804	573	3282	1731	1497	2298	1238	957	1794	735	669	684	315	198	92	28	32	509	340	278
[N1106D]	1187	454	500	608	1083	640	1118	779	461	687	3260	1706	3885	1785	1062	2031	1000	592	791	707	290	553	48	18	73	261	336	467
[V1098C]	1156	391	505	521	842	1131	943	770	783	797	2833	3150	3026	1578	2155	2020	807	848	805	156	134	80	35	30	35	286	279	264
[T1095D]	1145	458	503	535	1285	1153	764	1323	889	605	536	390	348	893	773	609	842	775	528	99	63	77	8504	47	22	1142	1171	754
[S1096V]	1059	530	526	400	1727	2062	690	1526	1886	533	765	931	360	797	1251	504	1607	1901	575	141	132	44	44	46	23	2049	3004	1119
[V1098Q]	1005	421	518	477	1001	917	904	938	683	719	3389	2626	3332	1564	1619	1773	1039	902	921	165	136	104	34	26	34	271	314	317
[V1098G]	1195	463	479	458	731	918	987	630	695	693	2574	2235	2596	1902	2586	3201	529	524	553	442	390	467	26	28	27	143	322	241
[L1105C]	910	423	483	355	1107	1625	1140	1190	1340	1113	1582	2177	1836	1340	1588	1440	1108	1834	1132	236	108	136	27	59	33	355	753	598
[S1091H]	1344	512	627	679	1097	1417	1609	992	1029	1649	1203	1089	1794	1019	1058	1728	902	1189	1583	220	150	293	39	36	40	599	909	1153
[S1096C]	1198	526	563	517	1547	1640	910	1439	1330	813	921	771	555	1167	972	652	1506	1682	764	128	197	66	164	254	422	1898	2295	1010
[S1091C]	1454	564	620	524	1552	1461	1394	1145	923	818	203	138	158	905	851	922	907	780	844	90	51	327	4290	32	18	1651	1674	1599
[P1099G]	1024	467	378	513	692	689	1025	677	602	998	3167	2087	4715	1460	1264	2381	699	689	877	305	166	352	28	21	34	121	153	246
[T1083S]	1451	534	601	582	1142	1288	929	1213	1187	936	1781	1858	1329	1912	2173	1519	1012	1134	729	115	97	61	31	674	24	462	615	400
[S1091I]	1479	653	597	618	1599	1374	1214	1520	1353	951	895	748	708	1027	954	691	1328	1254	903	203	89	96	529	38	26	1131	1764	1337
[A1090C]	1572	672	681	690	1886	939	1226	1977	771	1136	1315	549	876	1401	616	784	1957	866	1222	204	51	110	78	15	35	1700	777	961
[K1092F]	1224	539	570	690	1717	1120	1347	1821	1110	1473	1000	705	907	1168	664	991	1589	826	1126	139	60	77	66	31	33	1472	1167	1377
[K1092N]	1182	553	500	599	1938	979	1358	1655	949	1553	1053	417	698	1171	661	1084	1348	630	965	137	39	114	1631	47	41	1412	1152	1014
[V1098N]	1767	649	707	791	1374	816	906	1035	452	612	186	115	121	2628	1439	1702	994	527	590	155	64	62	2815	46	33	1880	1100	1304
[R1100F]	1359	547	613	677	1382	1142	1330	1330	869	1078	1449	959	1311	1738	1534	1960	1310	918	1091	306	101	241	54	37	39	426	482	480
[K1102W]	1290	488	494	582	1065	586	1072	844	537	652	3298	1939	2971	1724	1067	1625	1037	525	716	649	273	556	36	9	27	177	144	232
[S1091D]	1213	549	540	512	1592	1133	1532	1723	979	1256	969	539	854	1337	787	1114	1486	811	1075	165	38	710	55	36	21	1107	1133	1314
[P1099H]	1384	456	545	523	578	422	856	605	389	644	3343	1931	4078	1858	944	2142	489	354	697	1294	201	441	26	14	14	59	66	88
[A1090W]	1108	422	479	465	1296	2082	522	1116	1771	568	1569	2245	767	976	1648	500	1296	1942	463	162	258	73	38	40	14	699	1354	365
[K1102Q]	1321	471	606	602	1161	1259	1156	1019	1208	1016	1702	1299	1547	1296	1343	1169	1312	1318	840	467	285	261	41	28	31	352	534	513
[N1082Q]	1299	309	427	385	46	47	82	4	8	26	34	34	69	379	405	545	13	7	20	5221	6714	8021	6	2	1	3		3
[V1094L]	1231	396	517	499	675	878	787	503	614	443	3099	3169	2922	1293	1846	1949	515	671	592	439	348	410	37	36	16	32	64	58
[F1086I]	1865	531	664	639	544	759	767	417	551	529	1474	2044	2369	827	1394	1609	531	634	611	934	2152	1716	16	13	20	74	163	150
[R1100M]	1544	605	621	762	1230	1395	1691	1030	873	1460	416	367	482	988	1128	1263	914	977	1270	125	79	159	40	25	31	1221	1459	1781
[V1098S]	1770	495	604	814	521	799	1011	477	584	607	1828	1916	2848	1880	2551	2969	276	339	457	120	104	150	37	190	34	98	139	101
[S1096T]	1032	461	420	398	1376	1215	587	1375	1031	520	2274	1501	930	1633	1297	651	1744	1238	783	172	130	84	191	86	141	963	852	479
[V1094I]	867	364	364	544	927	772	1853	1025	522	1765	1308	567	2318	992	664	1943	1015	634	1848	106	41	164	51	19	43	752	513	1401
[N1106H]	804	307	387	404	809	1157	1036	725	986	799	1325	1859	1859	745	1256	1159	930	1293	1112	78	65	100	43	33	962	732	1285	993
[S1096N]	1106	407	444	578	876	942	2131	886	753	1822	293	254	660	492	533	1192	838	669	1640	73	58	178	205	31	164	1340	1432	3224
[I1104C]	1110	571	440	559	1877	911	1006	2010	902	906	602	270	359	1061	542	801	1672	745	880	484	45	60	68	22	20	2343	1181	1403
[R1100Q]	1491	715	534	587	1330	936	1060	998	577	636	187	120	151	1254	887	1192	879	510	683	173	98	3900	51	17	18	1383	1087	1371
[L1105G]	1326	520	533	591	859	593	1278	585	380	885	1618	960	2979	1011	881	1840	1013	500	1244	201	271	255	29	2203	38	39	36	75
[A1090G]	1461	489	583	714	931	1306	1094	864	1104	989	1329	1477	1503	803	1297	840	875	1318	956	230	202	233	29	38	33	394	859	717
[K1102V]	1108	472	417	471	1790	971	857	1565	683	715	1962	1045	1040	1449	809	825	1750	908	701	322	81	98	66	16	17	1061	714	693
[A1076V]	1602	601	651	683	1392	1315	1107	991	790	929	168	112	125	1352	1059	1095	824	661	610	156	74	59	65	41	22	2139	2049	1868
[S1091V]	809	308	457	483	944	1200	1562	895	909	1412	1116	1106	1814	871	1166	1568	1019	995	1196	160	78	180	24	29	39	419	770	980
[E1103I]	1168	538	438	658	894	268	817	442	133	461	25	2	22	644	225	684	448	126	381	72	9	535	11583	29	24	885	267	709
[S1096Q]	1258	505	561	586	1567	1055	1199	1302	968	1105	442	278	368	743	802	671	1210	767	907	105	65	85	59	27	45	1888	2041	1669
[V1094G]	1658	479	664	644	373	398	342	180	164	170	648	519	491	1148	1296	929	131	144	151	4056	3758	3423	76	20	46	80	83	71
[T1095L]	930	333	357	391	1177	1444	454	1123	1233	411	1937	2104	880	1019	1599	553	1139	1562	516	204	126	80	682	30	20	574	876	304
[T1095K]	1144	503	541	416	1126	1566	1208	996	1234	1174	639	869	775	852	1174	1254	813	1158	1035	90	117	83	49	53	44	852	1290	990
[S1096H]	995	407	481	442	984	993	876	846	572	801	87	79	84	1191	530	569	689	598	446	32	26	47	33	261	5869	1487	1334	1269
[M1079F]	804	342	474	286	666	2024	384	660	1586	309	1204	3826	836	744	2758	511	677	2184	365	98	139	34	27	54	8	142	709	127
[G1097C]	1137	477	548	480	565	594	539	324	276	317	72	76	79	530	548	693	270	209	270	140	114	115	123	36	11904	478	562	473
[S1096G]	1153	500	460	424	722	724	571	701	575	428	3462	2403	2044	1613	1341	1367	810	578	526	564	331	402	27	18	15	64	64	48
[T1080Y]	1016	345	446	345	825	628	348	597	452	319	1272	886	529	833	587	377	813	697	350	73	98	21	7109	1428	11	586	520	295
[S1091E]	978	369	478	438	1207	1268	955	1203	970	776	1753	1410	1324	1318	991	1206	1169	1025	842	245	115	116	50	33	20	475	599	459
[N1106-]	747	299	283	387	1040	864	561	879	673	520	1472	847	753	822	696	476	1198	806	717	82	35	43	28	23	5414	856	722	494
[K1092C]	1058	419	539	464	1033	1281	807	1064	1074	827	1482	1430	1228	1115	1363	1020	1134	1159	795	134	80	62	39	28	23	596	783	625
[T1080M]	1395	478	474	490	302	217	302	106	57	108	1	1		70	65	73	83	57	81	11	20	208	10559	2915	2731	215	182	343
[I1104E]	1249	509	592	652	958	1083	1381	881	835	1143	501	452	752	948	1133	1516	1016	767	1249	157	89	158	2843	24	24	116	196	278
[P1099E]	1152	340	385	354	256	268	180	121	91	77	888	912	516	1218	906	609	95	75	62	4969	3964	4013	7	6	4	1	4	3
[V1094A]	1266	386	484	606	566	459	968	330	258	520	2316	1293	3900	1231	1095	2612	287	242	578	569	324	843	33	13	53	35	30	54
[V1098H]	1098	386	451	496	1368	1111	877	1325	840	765	808	513	547	1444	980	1007	1287	903	936	152	115	45	45	29	26	1520	1266	937
[K1093V]	1376	566	585	667	1430	1424	1166	1455	878	964	248	169	194	799	676	726	1027	736	720	58	81	40	33	41	29	1796	1785	1532
[I1104F]	1166	477	545	509	1170	874	1161	1240	748	1242	1245	803	1206	1168	888	1150	1605	782	1183	186	64	124	82	65	62	478	417	476
[G1097H]	1396	484	579	655	584	574	524	203	241	213	5	1	3	267	347	327	188	198	157	154	7553	90	427	2571	1861	403	677	413
[K1093R]	1252	477	563	333	1130	1151	390	936	934	295	2749	2428	984	1726	1607	458	1016	1095	327	291	180	59	38	43	10	205	311	89
[T1080L]	1233	402	610	441	565	550	419	235	156	154	18	7	8	201	220	168	258	171	139	88	47	63	12356	487	626	535	483	355
[K1102S]	1013	450	403	495	921	452	1395	670	359	1098	1656	626	2821	1443	594	2342	723	353	1153	392	158	529	31	11	32	174	150	512
[P1099K]	798	293	360	336	640	708	696	611	591	509	2443	2224	2471	1603	1714	1602	641	834	792	185	126	149	21	27	19	90	124	131
[L1105W]	1163	417	487	458	768	1502	794	813	1597	584	817	1372	746	677	1481	716	874	1488	794	117	417	71	36	40	28	532	1403	531
[P1099N]	775	317	311	301	482	510	452	427	501	365	1926	2060	1746	957	1170	1085	447	463	333	5317	305	153	23	15	7	55	107	81
[F1086Q]	1572	422	531	597	259	399	579	137	202	219	924	902	1410	799	970	1632	167	140	208	3452	2006	3114	18	7	16	3	1	2
[F1086M]	738	276	367	365	624	860	876	540	666	685	1892	2416	2823	916	1574	1543	653	783	745	230	128	196	18	33	19	89	194	172
[I1104D]	1901	695	895	751	982	1234	1029	737	670	797	522	537	564	927	1665	1198	908	824	917	277	301	226	29	183	27	488	405	725
[I1104T]	890	312	377	552	1001	1067	1413	993	909	1363	469	426	615	717	787	1141	809	1141	1222	69	66	111	47	28	53	891	1239	1463
[T1080F]	1150	344	493	366	849	1156	650	827	1002	461	1423	1764	1279	820	1260	914	1036	1318	605	124	56	178	33	30	14	488	856	584
[K1093T]	1064	422	438	657	1256	1094	1454	982	895	1467	205	135	314	647	541	993	679	736	923	60	25	75	51	29	24	1518	1261	2112
[S1096M]	923	372	430	344	1271	1051	634	1307	862	597	855	704	475	991	1488	450	1419	1121	639	116	296	37	34	23	31	1343	1257	820
[R1100I]	1434	668	718	673	1204	1130	1279	913	743	896	312	192	301	1390	1134	1585	739	571	624	203	67	154	63	15	29	965	867	1006
[M1079I]	1282	494	620	570	1047	1457	989	1129	1254	854	465	538	438	583	898	535	952	1025	668	80	52	62	57	35	48	1026	1511	1166
[M1079K]	1390	459	602	563	713	1383	761	584	1004	560	199	273	168	1755	3320	2139	495	655	380	159	225	114	23	37	21	437	753	441
[L1105H]	836	345	330	557	843	466	1223	611	382	947	2106	872	2977	1152	677	1913	851	496	1244	157	79	222	24	21	23	64	31	152
[V1098L]	1007	311	365	427	519	615	777	479	452	607	1412	1088	2043	1234	1203	1894	647	631	922	1497	163	516	19	18	26	161	190	299
[E1103R]	1203	277	309	275	6	4	8			2		1								216	181	280	3801	3344	9561	2		
[P1099T]	803	221	284	261	129	191	97	74	58	41	396	354	166	690	803	358	105	84	44	5262	5852	3095	6	7	2	2	3	5
[I1104G]	1299	470	648	677	1016	1827	858	863	1324	459	466	634	379	1052	2110	1011	1187	1379	710	193	214	197	30	76	22	45	119	79
[V1094D]	1212	348	431	373	253	239	209	177	200	158	293	227	225	457	456	516	174	198	172	4648	3668	3860	143	46	95	186	216	163
[L1101A]	1487	538	635	678	1233	972	1258	1262	635	965	265	153	306	1309	853	1419	619	347	881	124	61	99	30	18	28	1098	900	1139
[V1094K]	1082	322	437	543	122	199	306	34	78	71	141	121	125	523	780	1108	22	46	53	2853	4117	6185	2	9	4	2	4	7
[S1096F]	1642	812	811	718	1244	1598	933	743	646	608	76	58	61	907	886	767	549	598	437	86	62	55	40	26	65	1561	1837	1445
[N1106R]	929	529	490	494	1601	967	935	1396	880	874	259	175	166	727	546	544	1170	702	651	64	29	44	52	20	17	2279	1445	1118
[R1100N]	1387	464	547	487	414	614	586	236	254	367	24	31	64	835	1093	1151	142	159	213	2292	3446	3659	19	17	10	136	149	179
[M1079L]	963	391	340	282	1088	936	670	1136	809	656	1237	982	819	1216	989	811	1155	1001	636	221	112	214	76	33	31	709	797	581
[V1094C]	1465	443	510	479	723	406	379	381	205	305	2327	1184	1313	1796	1213	1468	453	257	208	1680	700	712	34	13	130	18	30	11
[L1101W]	943	451	351	660	1234	606	1304	1136	398	1105	511	208	657	1483	628	1732	806	437	838	295	47	108	42	14	26	1076	435	1228
[K1102D]	1066	540	494	437	1295	527	586	1063	361	502	2929	933	1222	1348	527	570	1143	431	410	1102	319	344	42	22	14	189	142	151
[K1093I]	1663	562	754	650	930	1506	926	615	847	599	146	85	54	812	996	758	467	805	419	78	52	53	53	38	22	1276	2327	1140
[M1079Y]	1350	610	504	502	1332	725	1171	1039	635	915	279	135	217	1361	840	1359	793	429	667	196	39	110	50	14	31	1335	829	1156
[N1106T]	808	387	333	325	1432	788	489	1275	849	443	1707	968	638	847	605	451	1428	949	429	109	51	37	132	60	68	1411	1051	534
[S1096I]	894	407	389	399	989	1388	661	1072	1107	619	643	646	421	701	759	468	1100	1127	593	91	75	124	29	39	20	1161	1703	927
[K1093C]	1191	434	433	570	1306	969	1287	1229	679	985	350	200	417	572	382	713	902	633	967	80	14	58	36	22	28	1433	1037	1520
[I1104W]	1288	588	523	552	669	1140	890	428	752	431	1032	1401	1183	809	1478	1209	628	1491	789	290	334	285	18	37	30	38	50	45
[E1103T]	955	256	395	340	147	225	138	29	68	54	1	1		22	54	26	30	91	23	13	67	37	4685	8661	1764	65	148	88
[S1091R]	1121	350	436	342	623	619	224	352	216	193	2237	2202	1131	1354	1672	824	370	303	171	1787	1161	581	22	17	4	21	11	4
[F1086S]	2512	561	783	668	202	107	191	59	37	54	452	221	249	715	388	657	94	50	53	4417	1959	3853	11	4	7	6	2	19
[G1097Q]	1142	471	600	466	1215	1111	947	719	748	553	160	118	113	1195	1333	978	721	586	593	147	81	80	45	27	22	1403	1472	1214
[R1100Y]	1037	377	397	493	877	551	1520	960	412	1275	744	388	1258	654	360	1083	1232	459	1250	82	25	117	31	12	47	711	473	1217
[R1100E]	1570	537	595	713	866	639	1007	568	465	887	823	594	1105	1246	1071	1653	458	355	632	428	274	536	22	17	22	195	238	295
[T1095F]	898	271	390	461	580	1335	927	516	1246	1027	179	485	441	268	1467	572	538	1169	686	57	57	154	15	33	13	797	1924	1301
[S1091F]	1224	360	476	496	639	609	1133	590	443	969	1072	693	1742	750	683	1237	743	580	974	169	104	171	39	16	24	291	373	630
[V1098K]	1356	428	469	392	328	617	453	142	379	239	1482	3263	2343	775	1876	1353	144	335	223	173	167	110	20	14	13	17	48	27
[M1079W]	713	356	347	328	734	803	821	655	680	681	1247	1176	1405	892	833	1136	760	750	853	166	137	570	26	23	24	296	378	365
[N1082T]	1371	334	447	489	39	23	52	3		2	2	5	7	179	124	288	2	8	2	5288	3783	4512	4	1	2			1
[S1091W]	1254	354	431	328	25	65	12	5		2	42	25	3	162	183	93	3	9		4355	7617	1977	5	2		1		1
[V1098P]	1065	376	467	477	408	507	399	254	265	225	1805	2083	1739	1034	1597	1340	261	327	222	684	594	556	17	12	19	44	48	51
[T1083R]	965	338	399	422	374	750	588	350	474	381	981	1568	1297	1519	2021	2263	228	377	263	590	291	296	15	23	20	18	32	27
[N1106Q]	642	272	274	347	797	957	770	705	819	779	962	1007	1176	462	618	651	838	957	713	165	89	117	36	21	12	806	1070	782
[L1105A]	825	258	314	533	633	659	1144	537	527	965	1112	884	2003	765	784	1539	680	595	1147	110	59	252	12	17	41	70	90	206
[R1100D]	1303	474	526	499	688	537	279	511	324	162	357	228	158	1889	1014	736	393	150	67	3302	1734	979	27	94	12	79	68	37
[M1079Q]	1265	556	628	533	979	1500	597	538	857	221	57	55	18	1105	1754	777	498	678	249	72	59	41	30	23	9	1175	1599	717
[V1098W]	1007	338	388	448	435	531	573	237	276	274	1411	1377	2242	1500	1478	1806	293	301	353	375	232	388	16	12	18	7	17	26
[V1098A]	1693	483	632	592	308	436	437	168	379	262	1112	2003	1599	828	1459	1511	102	99	151	598	524	794	22	14	5	6	21	23
[V1094R]	1638	414	474	590	204	201	180	64	72	42	228	92	104	765	969	689	44	43	32	3221	2978	3104	12	6	8			1
[S1096Y]	1093	455	532	540	817	1154	799	616	677	651	114	118	98	664	755	748	517	593	489	63	44	38	57	36	62	1248	1832	1357
[I1104Y]	1623	574	675	771	744	1310	1044	618	714	552	127	111	122	856	1192	1142	486	708	440	246	250	410	25	29	15	354	593	401
[G1097N]	1123	384	579	480	485	1039	517	353	604	377	33	45	35	586	1542	888	254	623	252	210	343	301	2877	38	65	477	1094	527
[S1091K]	1009	402	407	423	519	520	655	365	337	295	1969	1689	2182	1151	1026	1034	478	356	383	290	185	244	16	19	24	27	54	51
[G1097S]	1018	359	502	492	837	990	738	562	943	668	145	106	106	812	1286	1086	550	571	475	363	101	127	18	20	19	865	1423	926
[R1100K]	901	330	437	408	776	957	1052	665	881	946	127	123	158	497	617	682	649	598	871	68	63	171	16	25	22	943	1490	1568
[N1082D]	1003	403	407	317	1171	576	393	1132	472	308	1753	833	664	1513	792	647	1132	588	317	211	51	32	36	20	5	573	418	247
[A1076G]	1229	525	488	486	1061	817	884	744	460	578	158	136	160	849	646	896	713	408	554	99	87	150	124	49	76	1337	1100	1083
[M1079N]	1573	527	644	857	863	689	1046	573	384	703	75	30	75	1217	867	1636	300	265	469	215	42	885	26	19	25	550	504	780
[P1099R]	772	309	299	383	560	460	708	532	395	542	1610	1131	1958	1133	782	1444	662	405	722	69	103	72	32	8	21	181	160	291
[E1103L]	1435	511	535	471	605	398	483	238	128	148	7		6	192	155	219	214	167	129	99	57	71	2601	831	4849	470	357	358
[R1100C]	1029	321	531	415	612	1074	647	559	892	661	464	644	503	876	1242	872	460	744	439	224	218	359	46	27	36	340	823	598
[K1092G]	854	389	362	406	778	659	722	654	479	610	1528	1399	1328	884	922	964	532	466	615	203	97	93	30	9	14	157	244	139
[V1089W]	1641	418	529	552	143	153	180	65	46	71	221	177	312	408	371	568	26	33	36	3386	3007	3156	4	3	5	2		
[K1092D]	1222	588	486	675	1181	946	1201	914	512	666	122	92	160	650	597	802	596	438	429	128	23	54	35	22	25	965	961	939
[K1093Y]	1324	536	617	499	650	1239	870	470	614	535	76	108	117	688	1018	965	316	549	515	54	32	445	12	18	92	729	1392	850
[E1103P]	1943	614	758	640	11	34	20	2	4	1	9		5		3	6	2	19		2093	5344	3809	1			2		
[K1092E]	1422	605	682	704	1050	929	1100	645	512	669	89	81	97	515	475	685	485	373	539	54	35	50	37	17	28	914	1091	1121
[R1100H]	921	310	412	380	1090	602	952	969	396	861	257	113	229	753	381	874	681	357	732	121	34	61	53	24	20	1310	703	1205
[P1099I]	499	173	215	178	83	171	85	38	60	22	170	278	129	592	764	371	31	70	39	2580	5348	2836	2	4	1	2	3	3
[K1092W]	1714	709	857	742	885	1022	925	466	370	350	30	18	28	638	611	672	346	425	329	43	34	33	21	19	7	1113	1117	1207
[P1099C]	1025	309	333	388	278	236	406	176	112	166	1281	678	1660	940	832	1629	204	126	186	1339	668	1577	12	3	11	3	5	13
[V1089M]	520	237	210	361	658	521	1404	753	396	1287	345	198	665	508	372	1091	565	431	1058	48	22	58	36	10	32	761	603	1436
[T1080V]	1187	571	577	559	1116	1089	648	637	556	310	48	36	11	650	793	466	490	493	256	89	58	63	119	113	9	1399	1397	708
[S1096E]	1250	515	480	503	585	483	640	283	177	318	20	3	19	320	295	426	237	136	236	59	20	73	2997	682	1230	730	737	922
[A1090K]	1010	336	363	301	325	513	210	192	270	112	1187	1729	780	841	1424	734	185	248	92	1294	1288	808	16	11	3	7	11	4
[F1086L]	696	282	322	322	947	691	593	968	535	423	638	370	367	672	809	435	870	550	456	187	98	102	66	22	34	1079	942	673
[N1106S]	520	175	244	274	615	409	997	675	363	1124	593	353	997	403	247	611	629	576	961	59	28	76	16	9	13	848	667	1456
[I1104S]	710	346	354	321	917	1369	613	952	930	521	300	270	191	774	818	514	841	997	479	51	183	45	37	29	9	423	559	346
[G1097R]	1057	360	389	425	340	634	561	244	465	420	78	86	130	668	1253	1381	102	260	213	1003	1616	1592	20	12	12	80	171	114
[A1076P]	1507	511	618	646	686	830	769	487	548	527	120	82	169	937	1068	892	379	353	370	96	81	90	19	17	20	447	745	587
[N1106P]	504	191	223	201	393	456	479	208	299	288	1701	1748	2406	628	740	855	381	484	348	285	283	359	7	11	13	19	40	36
[F1086N]	1197	261	405	385	74	86	130	22	13	34	60	64	102	403	371	815	5	14	32	2092	2280	4435	2		2	2	2	3
[P1099M]	661	189	222	182	114	114	87	45	40	24	340	225	159	604	570	555	41	38	40	3609	2699	2584	3	4	4		1	3
[G1097F]	1270	364	532	396	35	21	43	4	1	10	1	1	5	3	1	3	2	2	3	1639	787	2484	956	1886	2688	2	7	6
[L1105E]	977	338	582	383	205	371	154	56	81	23	302	872	402	494	1138	618	104	207	66	1210	3210	1199	14	11	1		2	
[K1092-]	532	243	277	257	533	1111	618	513	995	466	548	984	602	508	956	579	453	828	459	67	79	53	15	28	23	203	675	406
[E1103M]	1361	496	546	587	570	416	478	263	145	225	8	4	4	211	152	206	205	139	179	55	13	59	2556	1849	885	543	352	416
[A1076S]	1013	391	401	484	819	841	791	632	591	466	101	94	111	385	395	410	541	365	496	58	24	137	47	20	31	1116	1114	993
[M1079G]	720	340	351	391	680	862	703	523	726	567	125	152	144	555	1136	999	375	426	352	41	284	32	28	20	12	565	972	692
[N1082M]	1312	260	459	371	8	33	20		2		2		2	49	87	242		4	8	1965	3586	4290	2	1	13	2		2
[V1094Q]	1223	352	338	439	181	109	177	45	49	46	164	134	212	665	351	1040	80	26	32	2789	1747	2475	9	6	4	10		13
[L1105T]	752	233	354	361	466	829	709	457	646	600	684	918	875	431	710	591	516	832	601	45	64	54	21	13	14	167	383	269
[A1090D]	719	255	307	340	661	619	491	609	502	450	912	615	505	653	532	513	769	767	474	106	270	74	46	26	42	543	430	319
[T1080I]	957	402	389	410	811	602	727	507	318	451	43	35	52	443	353	443	467	298	337	56	8	38	1565	20	21	727	973	1047
[S1096D]	1030	428	459	441	623	671	610	407	374	495	47	25	59	431	443	598	358	278	407	24	23	324	917	11	14	880	918	1021
[G1097W]	1131	293	409	303	20	32	23	1	1	1			3			2	1	7	6	1656	1916	2718	1491	1032	945			3
[T1083A]	1420	382	490	521	256	312	381	148	191	143	773	817	875	1101	1541	1635	86	139	184	152	86	99	22	7	9	11	7	19
[M1079V]	887	299	408	403	393	783	495	204	468	226	34	25	33	386	553	383	179	415	159	51	286	30	11	3111	16	370	707	473
[V1094N]	914	318	372	278	355	150	167	165	99	76	1192	483	497	1258	630	660	141	78	54	2088	951	742	17	2	2	6	2	5
[I1104Q]	1272	414	511	426	745	955	604	650	531	450	163	181	146	471	625	711	680	653	561	48	66	59	29	19	28	160	269	187
[E1103H]	993	320	388	258	283	190	103	95	49	36		1		28	36	26	95	49	49	544	309	333	4630	1915	410	150	149	68
[T1077H]	1088	227	261	246	3	3	4				4	1	1		10	11			1	2203	4325	3015	1				1	4
[V1089D]	568	172	196	249	372	360	430	364	285	408	1180	815	1259	763	615	848	386	279	341	211	190	160	153	30	76	161	216	176
[L1101T]	1428	599	595	567	699	650	595	311	344	309	18	10	20	545	632	672	310	327	214	85	39	50	32	41	37	646	813	564
[A1076R]	1558	441	628	551	150	358	434	91	112	107	2	5	7	287	541	666	54	75	78	1327	1400	2099	10	9	6	16	35	45
[V1098E]	1038	291	356	371	344	239	406	209	102	180	1496	477	848	1174	792	1438	152	97	135	341	134	285	14	5	25	18	4	17
[F1086K]	1102	324	425	293	66	128	42	5	32	18	19	75	24	204	665	137	19	19	7	1668	4255	1240	2	6	4	1		
[A1076L]	942	228	293	231	30	35	15	6	5				1	1	2			1	1	14	6	15	3279	4146	1351	18	15	19
[M1079S]	1514	472	771	599	464	1267	361	225	420	151	10	13	9	293	732	305	132	294	94	33	68	47	12	9	104	421	1265	427
[T1095R]	1306	488	618	423	751	541	564	488	305	298	73	19	17	589	373	418	442	223	229	31	17	37	19	14	13	902	644	603
[V1094F]	1349	372	481	454	179	163	204	106	100	113	208	152	163	450	431	544	114	126	117	1465	968	1512	79	24	59	96	100	106
[G1097M]	1149	262	390	314	5	7	22		2	8	4		6	1		7			1	483	1314	1978	305	2612	1296			6
[E1103Q]	1385	566	514	500	596	344	457	238	158	219	31	22	26	231	155	220	308	159	198	33	35	27	1214	492	32	588	509	678
[N1082R]	1029	355	401	409	115	266	204	32	63	70	258	397	552	328	783	749	28	108	64	827	1588	1223	8	11	10	1	2	3
[K1093-]	478	211	233	285	464	721	463	422	553	388	425	613	384	410	767	435	332	659	256	44	67	39	9	18	5	196	499	259
[F1084L]	642	204	273	175	261	190	257	202	116	104	1777	976	1483	838	514	884	219	114	123	18	22	30	11	4	8	40	27	45
[L1101H]	1188	400	484	583	448	662	695	228	301	312	11	23	24	615	977	1097	256	286	323	66	69	97	11	9	57	65	129	105
[L1101Q]	1061	314	424	411	133	206	156	38	59	42	1			56	70	55	27	64	33	5	12	11	2377	3577	203	38	34	21
[T1095P]	1023	321	348	305	41	37	82	16	14	14	57	16	45	8	5	4	8	2	13	1661	1460	3763	3	3	1	5	4	6
[H1085L]	695	167	199	202	49	34	51	30	16	23	45	20	60	202	146	282	11	2	7	2880	1252	2854	6	2	2			1
[M1079R]	1079	390	416	299	175	184	67	62	72	80			1	161	222	101	17	29	8	115	202	5210	5	4		34	57	46
[R1100T]	1290	360	413	490	419	206	317	230	102	171	25	8	24	603	259	510	110	41	111	1172	541	1134	15	4	5	183	83	101
[P1099-]	786	252	286	218	265	197	275	148	117	187	823	483	951	851	541	724	107	52	85	581	363	524	8	8	12	20	19	8
[F1084V]	1145	208	306	260	63	6	16	5	2	3	10		1	8	9	17	1			209	28	46	2971	1521	2027	11		
[L1105S]	597	191	275	219	360	584	256	322	495	250	544	945	550	389	781	354	382	747	283	57	79	57	13	10	5	26	70	26
[E1103W]	1509	510	603	578	433	425	359	196	171	124	13	5	5	305	228	203	133	137	101	675	604	512	17	11	13	210	267	188
[P1099W]	1186	254	357	297	31	27	50	8	5	9	35	13	25	140	105	277	2	1	14	1853	1611	2121	3	1	1		1	2
[F1084R]	917	166	290	230	1		5			1	1		1			1				4	7	24	1918	2896	1849			
[V1094H]	1781	439	562	596	43	41	54	1	12	12	25	13	18	286	353	203	5	7	5	1412	1276	1135	3		4	2	5	12
[V1089E]	430	149	146	141	223	112	96	160	75	42	1223	510	607	595	236	233	144	56	48	234	21	18	2778	6	1	5	4	5
[M1079C]	1198	378	468	489	695	416	485	335	155	195	18	11	18	418	214	293	273	159	146	90	17	34	108	12	14	732	387	495
[H1085Q]	2038	381	623	514	42	50	41	15	21	15	26	13	21	110	194	81	31	23	19	851	1997	1033	15	9	11	13	14	21
[I1104K]	1799	537	665	655	243	298	214	137	106	107	51	35	32	180	133	187	163	122	119	661	805	618	14	10	9	34	46	50
[L1105Q]	571	146	241	224	129	253	218	95	153	202	717	942	1009	240	450	503	147	254	204	400	709	72	5	10	4	4	11	15
[A1076D]	1745	410	497	380	140	127	87	57	78	53	80	44	66	324	199	168	105	81	74	1436	838	495	36	28	33	94	97	78
[E1103Y]	1142	429	487	483	433	413	529	179	170	176	14	10	15	289	291	310	168	142	220	130	124	158	130	235	116	276	300	461
[V1089S]	1447	443	453	428	124	123	146	29	30	44	201	294	238	424	457	734	27	34	37	1196	342	484	4	8	5		4	
[E1103F]	1265	380	708	458	194	590	154	62	166	62	3	1		55	159	25	53	116	29	166	465	150	166	1619	91	67	354	79
[S1091Y]	860	272	278	242	270	197	129	124	78	43	972	648	384	673	442	295	154	85	92	648	381	231	19	11	3	24	36	24
[V1089I]	585	172	274	231	440	620	371	392	406	295	65	87	72	281	272	217	302	322	297	24	19	53	21	23	16	606	635	512
[V1089P]	2231	447	768	533	92	203	91	39	63	31	215	477	404	181	539	319	41	70	46	234	328	181	6	9	3	1	3	
[R1100-]	1065	310	400	299	15	33	43	1	4	4		3			15	18		1	5	549	2175	2536			2			
[V1098R]	585	158	171	200	192	97	121	38	35	37	433	293	302	634	356	451	82	42	43	1387	790	849	10		2			3
[L1101N]	1312	456	532	490	380	434	339	152	186	135	1	9	12	440	635	533	168	204	130	168	138	142	7	9	9	30	48	25
[F1086W]	423	145	176	127	294	161	156	133	86	95	1189	527	578	729	514	487	209	121	109	386	138	238	3	1	2	6	9	10
[F1084I]	1599	373	489	456	186	152	236	59	62	106	28	16	38	45	37	100	42	5	25	86	75	154	234	1033	1159	46	28	65
[G1097T]	1095	399	432	403	200	441	351	83	174	193	2	1	3	135	236	255	65	63	88	249	625	462	85	236	81	101	208	188
[V1098D]	1045	275	372	332	154	67	270	50	32	137	81	42	82	303	151	633	32	14	33	764	377	1474	9	10	10	11	4	13
[S1091N]	1100	377	490	349	427	388	352	172	154	147	120	72	128	222	193	205	148	137	124	59	78	34	10	9	10	304	491	365
[M1079H]	1336	391	504	464	230	483	353	81	178	177		12	2	166	401	366	73	121	123	17	32	44	3	6	11	214	390	369
[L1105-]	749	251	260	261	12	6	6	1		3	2	2	12	8	15	21	4	1	2	1785	1615	1516						1
[M1079T]	1521	521	651	671	321	409	340	111	150	110	11		5	162	176	161	66	65	56	34	27	25	9	5	6	243	253	202
[F1084Q]	1710	414	574	546	80	45	152	37	8	52	63	6	31	350	132	470	20	8	10	605	260	591	5	5	4		1	
[T1080Q]	781	154	284	200	127	85	17	17	7	5	78	17	4	779	472	183	16	12	4	1989	756	155	10	1				5
[V1089Q]	813	236	285	250	87	237	99	53	94	35	262	602	458	202	677	381	43	98	68	298	394	273	3	5	3		2	
[T1077Q]	1389	274	358	305	8	2	2	1			2		2	1	13	56				1587	559	1369		2				
[N1082S]	1266	272	404	332	13	18	22	5	2		19	18	7	132	113	128	4	2		830	1380	870	3				4	2
[A1090R]	939	225	282	248	144	58	48	48	17	26	264	37	87	567	192	212	32	23	11	1509	247	577	5	3	3	1	1	
[T1095-]	486	164	179	187	92	52	44	23	24	18	187	73	66	161	182	116	13	12	9	1867	1033	706	3	3	1			
[V1089Y]	1013	257	326	244	52	9	17	5		6	42	10	14	202	42	123	6	5	1	2605	348	334	2	1		1		3
[T1077R]	1049	218	326	234	216	214	205	172	187	190	164	172	157	119	177	160	191	201	206	39	26	33	144	46	100	205	243	189
[K1092P]	857	291	430	370	309	386	449	157	237	177	28	18	13	188	305	272	65	78	114	118	130	126	3	5	6	48	122	106
[G1097-]	547	254	233	289	262	324	408	140	222	268	46	54	87	262	360	522	84	185	163	43	21	29	5	10	8	88	170	241
[L1105P]	515	132	172	158	12	21		3	8		1	2			3		5	11		1361	2712	72	47			4	1	
[Q1078E]	1365	265	401	290	151	175	160	156	138	123	121	123	113	108	136	135	166	162	150	26	21	20	129	31	95	158	171	150
[F1086C]	501	148	202	160	43	29	22	11	5	11	62	37	32	123	152	80	19	14	13	1374	1198	998	2	1			1	1
[V1089T]	627	168	217	234	66	177	110	26	66	51	185	500	405	216	551	518	26	51	42	97	639	152	1	3		1	2	1
[I1104H]	825	291	334	310	307	276	284	140	138	139	22	11	26	379	348	429	141	153	75	126	95	97	11	5	5	31	29	31
[N1082K]	1052	268	304	259	137	148	127	141	121	121	121	109	109	146	118	122	148	158	130	86	220	42	115	37	83	131	158	153
[A1090-]	559	124	173	151	22	32	31	3	14	17	23	21	16	67	119	102	7	8	9	939	1298	1117	1	3	2		1	
[L1081H]	988	215	298	259	147	141	130	153	134	142	102	107	144	114	132	114	154	173	143	31	15	18	102	36	79	130	169	162
[V1089H]	950	250	312	301	30	88	109	16	25	36	82	211	325	155	308	425	2	28	26	151	251	377	1	5			4	4
[V1094W]	954	198	317	289	25	4	22	2		1	5	8	7	76	25	112		3	2	1748	128	464	1					3
[A1076N]	1230	260	378	280	4	6	7	5	4	3	2	1	2	4	4	6	7	3	5	16	78	130	324	1236	312	5	3	3
[F1084M]	1020	236	312	266	32	41	73	10	1	11	56	21	60	127	150	287	2	9	3	430	338	682	3	1	3			2
[F1086R]	559	144	204	155	66	30	23	9	7		43	14	12	222	193	103	8	5	1	1387	540	357	2		1			
[N1106A]	225	91	94	151	148	148	260	106	164	239	152	184	252	88	111	166	160	179	250	23	28	14	3	2	3	129	248	302
[V1098-]	794	285	372	295	102	243	84	34	102	50		3	2	113	302	120	11	24	8	226	457	196	4	1	12	12	43	22
[T1077K]	1204	206	330	255	77	106	80	78	88	68	69	72	69	71	67	71	105	91	65	103	128	99	65	26	55	75	107	75
[I1104-]	892	253	298	256	1	3	1		4	1	1		1		7			10		236	1605	323					1	
[I1104R]	1263	348	534	574	55	59	82	4	10	16	4	13	5	14	15	19	14	5	22	155	234	410	2		1	1	8	13
[S1096-]	442	160	198	162	48	16	29	4	8	4	40	10	25	167	67	164	8	5	2	976	572	762				1		1
[L1105R]	1785	454	700	587	23	24	13	5			7	2	1	14	7		10	2	12	11	29	4	1	2		6		
[F1084K]	1475	224	346	243	1	4	4	2	1	2	3		2	2	3	7			1	21	22	1128	2		3		1	1
[A1076E]	1700	372	468	372	6	5	4	1	1	1				2	4	1	3		1	7	92	59	3		325	5	1	2
[T1083H]	1261	231	412	263	6	3	10		1		4	1		20	29	79	1		1	159	559	355		1		1		2
[F1084N]	1439	279	428	344	14	7	10	4		1	4	10	5	85	122	68		1		204	201	158	1	2	4		2	
[A1087E]	2061	355	521	437	1	1	6		1				1							4			2					
[T1080H]	1827	356	526	427	4	9	4	1		1	2	2	1	31	6	4			3	24	120	1	1			2	1	4
[A1076Q]	1825	334	450	414	15	4	7		1		2			3		2	13			101	57	81	18			4		
[R1100P]	1009	281	343	361	97	92	71	34	20	24	18	10	16	87	97	99	11	17	10	240	205	164	7	2	1	5	3	4
[G1088V]	1338	187	358	260	49	47	50	51	55	53	55	46	53	37	49	43	83	75	77	8	5	8	48	9	39	49	86	54
[F1086E]	525	98	136	152	9	12	8	1		1	4	3	1	69	26	113	4	1		670	474	948	1		1			2
[K1093F]	1493	257	424	258	12	6	9	12	2	6				2	3	2	5	2	4	673	2	15	6	4	16	6	12	6
[L1081V]	1690	274	451	342	27	22	18	25	25	24	21	19	24	17	37	12	23	30	23	7	4	3	17	2	11	24	35	20
[V1094Y]	1213	306	333	266	36	22	25	16	5	8	10	8	23	29	71	72	19	6	6	269	154	219	2	1	91	3	1	6
[L1101D]	1392	404	486	437	59	27	35	18	2	1	8	6	8	56	20	57	9	20	13	58	25	62	1	1	2	2	4	3
[V1089N]	417	114	155	155	31	105	107	10	44	32	95	237	343	125	322	414	5	30	40	60	129	230	2	3	1	2	1	
[A1087D]	1742	292	412	334	19	26	31	21	18	16	19	15	11	16	22	23	24	15	16	1	3	3	20	12	12	27	18	19
[Q1078T]	1256	255	327	289	5	4	13		3		1	1		2	31	97		2	2	216	258	371				1		7
[T1080S]	1210	241	334	292	53	49	61	48	48	53	52	44	38	47	47	69	57	56	44	14	5	8	41	17	19	56	59	78
[A1087C]	1821	328	547	404	3	1	3				1							1									1	2
[Q1078S]	1810	360	499	382	2	4	4	1				3	1	1	8	9			1	2	9	9				2		3
[G1088C]	1401	228	375	282	43	53	43	31	31	32	19	25	37	50	44	43	50	43	45	11	1	1	36	11	23	51	51	35
[T1077D]	1548	251	437	267		5	8	1	1	3	3	3	21	5	9	6		1		135	135	227			2		1	
[A1087T]	1521	276	394	320	27	35	28	24	21	31	19	36	17	21	28	20	28	30	26	4	6	8	21	8	18	28	33	34
[M1079A]	1297	311	308	323	19	15	40	17	26	7	2	3	15	15	20	37	9	9	15	36	5	432	2	2	18	19	30	21
[H1085F]	1326	204	369	239	9	5	9	6	1	1	8	6	1	19	11	25	1			288	141	286	1			1		1
[Q1078K]	1175	231	341	218	41	51	30	59	56	54	46	35	47	45	48	37	72	58	42	8	3	8	42	15	37	41	43	56
[Q1078H]	1408	206	324	254	35	46	42	41	39	43	29	37	36	27	37	24	39	43	41	5	3	4	36	13	16	41	45	19
[T1080N]	969	192	279	190	67	65	53	56	60	54	54	43	52	65	53	57	67	66	79	12	7	13	124	22	34	70	54	56
[V1094E]	1035	272	330	313	20	13	10	4	4	6	14	4	7	54	52	90	3	4	10	166	79	355	4		3	3	3	2
[T1083M]	1446	285	425	330	4	7	9						2	3	5	8		7		41	157	123						1
[T1077Y]	1330	219	375	279	4	3	5				1			2		5	3		1	150	220	252						
[A1076H]	1595	327	442	404	2	3	4		1						6						5	25		1	2	2		
[V1089G]	1236	271	417	288	18	25	34	18	24	23	14	16	22	26	25	26	22	28	16	24	14	84	21	8	10	21	24	22
[F1086A]	518	99	127	153	15	5	9		1	2	7	3	5	104	46	22				612	455	593						1
[T1083Q]	1107	234	277	259	16	24	20			2	3	8	5	30	52	83				232	200	221	1		2			
[A1087F]	1708	271	419	319	18			2		1	6			3			4		1	1		2						1
[G1088I]	1744	243	455	301	1	2	2												2									
[T1083V]	1168	244	396	259	6	5	6	2	1		6		1	18	64	12	1	3	7	153	324	59	1	1				1
[M1079P]	1253	268	401	360	16	2		2			6	2		1	3					308	96	10						
[A1087M]	1706	250	439	285	5		1		1		2	1					9			1								
[L1101G]	1037	268	465	316	28	45	26	1	10	2		4		8	7	11		10		117	233	70	3	2			20	4
[T1083P]	1608	290	445	296	2	8	1			2	1	3		1	7	5	1	1			1					1		
[A1076Y]	1605	233	435	330	1	4	3	1	1				3			2	2		1		1		9	4	2	2	3	1
[G1088A]	1440	223	333	261	19	22	17	19	17	13	20	20	15	16	28	15	18	27	20	1	1	1	13	7	7	13	21	21
[L1081I]	1144	213	281	194	36	41	44	35	30	33	31	30	24	33	42	38	44	51	46	6	5	6	28	16	26	38	47	52
[G1097D]	1199	210	305	267	26	30	19	16	10	12	18	18	12	15	13	16	13	19	24	28	46	43	54	93	40	21	24	17
[L1101K]	855	298	339	278	82	177	36	16	58	16		4		86	151	39	25	33	4	24	8	7	26	34	4	2	3	1
[Q1078I]	1529	241	431	343	8	1	6	1			9		6	8			1			7	8	4						
[N1082I]	1489	287	458	307	4	2	1				1	2		2	1					5	9	3						1
[T1077A]	1515	273	435	294	5			1	2	1		1		1	1	1		1		2	13	5				1		1
[G1097P]	1166	255	369	334	3	3	14	1	1	4		3	5	3	4	9	2		2	16	27	315	1			10	4	1
[G1088D]	1372	238	358	216	19	17	17	15	13	13	8	23	14	14	14	14	22	33	20	1	1	3	15	6	5	12	31	21
[Q1078R]	1507	251	435	310	1	3	3	1			1				1													
[A1087L]	1541	250	407	297	1		4				1					1			3		4	4						
[L1101E]	1240	349	457	356	11	1	9	2		1	3		2	2		1	2		7	22		28	4		2	1		4
[F1084P]	1424	245	412	302	1	2	4						1		3	1				5	27	74						
[F1086P]	1478	298	397	310	1		7					1				1			7									
[A1087G]	1366	263	472	285	8	3	9	6	6	5	3	2	3	4	5	5	5	4	10	1		1	3	2	2	6	3	3
[A1087I]	1192	214	320	283	5	2	2						1	6	1	2				122	102	222						1
[T1083C]	1491	225	448	281	2	1	2			1				4		3			3	3		9						
[S1091-]	447	112	172	109	9	23	5	1	4	4	7	14	4	75	65	35	1	2	2	374	597	378		1	2			1
[G1088W]	1517	211	434	270	2						5																	
[Q1078W]	1463	290	375	269	2	2	2	1																				
[A1087K]	1444	246	339	319	3																							
[L1081E]	1271	271	385	311	2	36	9		4		1	4	3		24	7		9			1	3					9	
[H1085S]	1405	268	339	306	1	9	2		1		3	5			4	1		5							1			
[T1077F]	1234	218	330	253	13	1	1	1			16	1	3	10	1	1	3		2	47	105	68	1			1		2
[F1084G]	659	146	195	164	12	11	16				16		10	20	34	57	3			501	213	244	3		3			
[G1097Y]	1162	249	385	297	3	5	4	1	1	2		1		1	7	4	4	1	3	8	47	13	28	26	15	2	2	1
[T1083N]	1192	239	343	276	5	1	4		1		1			17	4	28		4		67	38	47					1	3
[T1080W]	1340	207	375	320	3	2	2				1	1	1		2	2	2	1	1			1	2			2	1	1
[I1104P]	1164	306	402	364	1		1					4									21	1					3	
[A1087Q]	1377	251	403	227		2															1			1				
[F1084C]	1000	221	247	205	58	28	23	14	12	3	14	1	3	21	7	10				69	36	24	225	3	26	2		
[F1084E]	1287	250	393	295	1	2	3								1			1	4		4	1						4
[Q1078G]	1402	235	341	253	3		2																					
[Q1078C]	1413	226	357	221	2	2	8														3	2						
[K1093W]	1312	222	368	229	9	4	23	2		6	2	1	2			1	4	1	3	14	1	19	1	1	1			3
[L1081Y]	1371	211	358	273	2									3									1					
[Q1078Y]	1398	174	353	270	6	1									1			6		2						4		
[L1081A]	1240	246	450	252	9		4	1			5									2								
[T1077E]	1249	269	333	279	3	2	5		1					1			1	1		12	12	24		1	1	1		1
[N1082A]	1239	272	383	274	7		1	1						1		1	9			4	1					2		
[A1087P]	1240	231	379	323	4	1	1									1				1	3	6			1	1		
[E1103K]	897	161	252	208	24	23	19	16	15	18	15	10	13	17	13	21	24	18	16	4	5	4	106	102	124	17	24	16
[T1080K]	1376	184	325	254	3	3	1				1	1		5	1				1	9	9	7						
[T1083E]	1299	210	404	248	4			4			1				2		3			1	1							1
[N1082V]	1122	270	411	317	15		1	6			2			1			1			1	2							
[T1077W]	1251	223	328	261	1		2						1		1	1				21	24	17				1		
[T1077S]	1177	229	331	229	12		3	1	3	1	3	1	2	36	4	4	2	1		33	22	27	1	3		3		2
[F1084W]	1072	205	282	212	5	17	10			1	2	4	2	2	15	2				65	196	33		2				
[F1084D]	1237	245	361	215	1		1				3	3			1	3				7	16	10	9	2	8			
[L1081G]	1273	249	332	250	1	2	1							1					1									
[T1080P]	1269	243	310	272	2	2	1				1			1			2	1			2							
[H1085Y]	1264	229	350	240			2			1	1		2							1	2							
[T1083K]	1238	213	344	245	5	3	3	1						1	2	3		1	1	2	6	4	3			2	2	
[T1077L]	1191	227	327	285	1	3	1				5	2	6		3	2		1	1	3	13	8						
[Q1078V]	1224	220	358	245	11						2			1			2		4	1	1		1	2		1		
[L1101P]	955	233	302	292		7	25		3	4			3		1	5		19	12	14	52	134		1	1			7
[G1088H]	1281	188	348	220	1	1	1															2						
[G1088M]	1300	200	311	229									1															
[H1085A]	1200	209	321	282	6	3	6				3		1			3	3											
[Q1078L]	1217	231	330	210	1	7	1		1			18			1					1	1	3					1	
[G1088L]	1239	199	306	243		2	7						1			3												
[L1081F]	1000	196	330	275	8	17	10	9	11	6	11	13	6	7	6	5	10	19	9	2	2	1	4	3	3	6	13	8
[H1085K]	1107	238	336	294	1		4	1					1	1	1	2						1						
[T1080R]	1209	183	315	225		4	2	5	4	2	4	3	7	2	6		2	4		1			1	1	1		3	1
[G1088T]	1245	183	339	210	1	1	1																					
[T1077P]	992	170	325	202	14	11	17	13	12	13	7	15	16	12	12	14	22	17	16	3		3	9	4	7	13	21	15
[A1087R]	1182	195	325	238	1		8			1			6			3			8									
[N1082W]	1127	231	316	252	2	3	9					2		2		1			1	1	5	6			1			
[L1081D]	1068	251	335	279	2	2	1				1		1	2	5		1		1	1			2				2	1
[A1087H]	1214	213	318	200			1														1							
[N1082L]	1118	216	353	239		1						1						2		1	1							1
[Q1078A]	1189	196	315	210	4	4	2					3		1	6						1					1		
[G1088N]	1197	194	278	226	6		3						2	2		1	9			1		1						
[F1084Y]	1138	203	281	225	2	2			1		4	1	2	1		3			1	14	14	20			2			
[N1082P]	1112	190	318	218	12	7	12	1	2		1	1	4		1	7			3	2	2	14	1		1	2		2
[Q1078F]	1155	223	280	250	1																							
[T1083D]	1168	192	303	211	1	1	3													3	4	3				1		
[N1082G]	1098	230	287	226	15	1		3			5			3			12			1		3				3		1
[T1083F]	1130	214	320	217	2		2								1													
[L1081R]	1112	188	311	248	2	1			1		1	1		3										1			2	
[Q1078M]	1076	188	309	251		3	2					1		1	1	21		1		1	3	8						
[M1079E]	1018	235	301	234	3	3	1		2	3	4			7	1	2				23						5	3	
[T1083L]	1113	185	321	183	7	2	1	1											1	1								
[A1087V]	845	174	289	177	22	20	20	17	16	13	11	18	10	13	11	14	17	8	15	2	8	2	13	4	10	16	16	27
[A1087Y]	1114	195	281	177	8	1	8	3		1	5				2										1			
[H1085I]	1089	173	280	239												1				4	1	2				2		
[L1081N]	985	195	315	238	13	2	2	11	1		9	2		5	2		4		1					1		1	1	
[T1083I]	1061	189	290	221	4		6			3			2		1	2			1	1	1	1						1
[N1082F]	1091	167	283	224	1	1											3			3	3	2						
[Q1078D]	1088	179	295	208			1							1				3			1							
[H1085R]	983	230	281	265	3	1	3	2				1								3						2		
[M1079D]	800	213	280	271	13	28	17	5	10		2		1	6	12	2	2	6	3	13	35	13		19	1	4	10	7
[L1081K]	1044	224	308	191	1		1												1									
[L1081P]	1040	163	318	226	4						4	2					1											
[L1081T]	1065	190	288	185	6	6	1	4	1		2						2		2									
[T1080G]	1016	173	254	212	9	8	2	3	2	2	2	4		6	6	4	7	1	5	9	10	2	1			7	5	1
[G1088Y]	1124	161	280	181	1	1	1														2							
[L1081Q]	936	221	275	230	1	10	2	1	2	1				1	9		3	7						1				
[S1091G]	959	215	255	235	6	3	2	1	2	2	1	1			4			1	2		3	3						
[H1085V]	1054	148	275	200	5		2				4					1						1						
[T1077G]	978	183	246	167	2			1	1		1	2	2		1	4	1			21	19	57						
[L1081M]	1004	175	281	217	1	1	1					1								4								
[H1085T]	1018	170	266	211	6		1						1				1			3			1					1
[A1087W]	973	195	280	211	1		1																					
[K1102-]	843	252	281	228		2	2					1		1	1			5		3	16	3						
[H1085D]	956	171	282	184	12	1	5	1		2	9		1	4			5				2		1			2		
[A1076F]	959	136	272	225		1	3	2								1		1					9	17	6		1	1
[T1080E]	934	163	237	238		6			1			5				5				2								
[H1085G]	949	170	262	197			1																					
[L1081C]	930	165	254	222	1		1								1					1	1							
[T1083W]	963	164	263	176	1	3	2																					
[A1076K]	705	166	209	175	19	13	17	8	4	1					1	5				43	74	56	24	37	12		2	
[T1080D]	926	136	234	158	4	14	3	4	3	3	1			13	5	2	2	4	1	7		3	6	1		20	11	9
[H1085N]	914	190	244	195	1	1	2				4	4			2			3			2	1						
[F1086V]	557	120	171	131	4	4	1		1	2	4	3		57	4	8	3		1	212	177	77						1
[L1101-]	804	230	266	215	1	1	5						2			1	2											3
[T1083G]	843	131	280	201		21	1		3			5	1		12			6			3			2				
[G1088S]	977	142	234	147													2											
[A1087N]	930	141	239	163	1		2										2						1					
[H1085P]	892	166	260	144														1			1		1				1	
[H1085E]	864	139	252	204	2	1		1																				
[L1081W]	933	137	214	174			1																					
[E1103-]	652	172	242	280	4	1	10			1			1	4		1	2		6	20		29				1		2
[L1081S]	812	139	242	183	2		19			3			4	1		16		1	1		1				1	1		1
[G1088F]	869	154	234	153	4		3																	1	2			
[T1083Y]	886	142	250	127							1	1				2	2					1						
[N1082Y]	746	144	212	143	3		54	2		8	2		25	2	1	14			28	5	8	5			2			6
[N1082H]	801	167	226	153	2			2			3	1		3	1		1		2		1	4						
[L1101R]	705	159	229	202	15	3																						
[Q1078P]	661	114	171	158	7	10	13	8	7	8	7	10	6	7	5	10	13	10	13	3	2		6	3	3	10	10	7
[Q1078N]	786	104	231	134		1				2			1						2		3	1		1				
[A1076W]	822	94	186	128	1	3	1	2	1					1	1					2			1	2	2	2	1	
[H1085C]	780	118	195	141	2	1	5					1				5						1						
[V1094-]	473	112	156	136	4	2	5	1			1		1	41	1	18				124	91	71						
[H1085W]	662	118	201	163			6					2	1			2		3	2			2						2
[V1089-]	611	115	204	161	1	1	9			1			1			1			8		1							2
[G1088E]	655	112	170	112	2	1	1				1		2									1						
[F1086D]	574	111	163	140	1		1	1	1	3	5		2	2	1	2			7		1	3						
[A1087-]	582	106	186	134	1	2					1							4										
[V1089R]	557	120	178	136	2															2	3							3
[H1085M]	552	120	141	121	1		1									1				4	2	5						
[G1088K]	564	85	152	112										1														
[G1088-]	393	94	130	99	1														2								1	
[G1088P]	402	86	120	84	5	1											1		1							1		
[G1088Q]	384	55	107	59																								
[F1086G]	314	53	79	81	1														4		1							
[V1089K]	271	61	99	65	1		3						2	1					1			4	1		1			
[F1084-]	276	63	92	73			2																					
[G1088R]	310	38	84	52	1			1							1													
[N1082-]	261	52	74	74						1																		
[T1083-]	218	45	77	55	1	1																						
[M1079-]	241	39	52	39			3																					
[H1085-]	226	43	63	32	2		1			1				1			3						1					1
[A1076-]	244	32	57	33	2	1									1													
[F1086-]	212	38	55	47			1														1							
[L1081-]	208	37	68	37	1		1																					
[T1077-]	205	34	50	38																								
[T1080-]	193	46	48	28	2			1			3						4			1								
[Q1078-]	116	24	26	24																								