mutation	SC-Leu pre 5FOA_1	SC-Leu pre 5FOA_2	SC-Leu pre 5FOA_3	SC-Leu+5FOA_1	SC-Leu+5FOA_2	SC-Leu+5FOA_3	SC-Leu post 5FOA_1	SC-Leu post 5FOA_2	SC-Leu post 5FOA_3	SC-Leu+MPA_1	SC-Leu+MPA_2	SC-Leu+MPA_3	SC-Leu+15mM Mn_1	SC-Leu+15mM Mn_2	SC-Leu+15mM Mn_3	YPRaf_1	YPRaf_2	YPRaf_3	YPRafGal_1	YPRafGal_2	YPRafGal_3	SC-Lys_1	SC-Lys_2	SC-Lys_3	SC-Leu+Form_1	SC-Leu+Form_2	SC-Leu+Form_3
[WT]	995725	1045490	1027995	1912697	1972030	1942747	1818169	2011299	2104019	1997550	2042179	2214548	1953138	1955996	2123158	1965672	2083958	2652134	1126459	1075043	566138	1390926	1134610	684682	1701520	2096655	1713504
[Y769F]	88634	95257	101989	11682	12517	9580	1785	2047	1589	315	273	364	777	556	655	1397	1559	3455	3469	1698	1489	586766	452641	503578	3274	3635	2174
[T1077F]	629	699	766	96	93	71	36	52	24	73	46	28	233	173	87	22	13	107	535718	454141	643586	2	9		15	27	102
[T1077W]	787	849	924	455	678	496	164	458	136	324	462	251	721	859	777	155	275	819	50258	122474	182768	8	15	14	134	118	111
[T1077G]	546	509	614	76	9	57	6	15	7	100	21	37	577	78	710	15	1	10	80447	8258	153471	4	1	3	2	1	21
[Q1078I]	838	918	1002	305	375	229	115	149	88	1066	1205	733	281	186	203	127	121	222	44574	50224	80787	7	13	4	10	23	18
[T1080G]	626	606	700	108	98	165	7	37	24	596	425	636	1038	1066	618	23	53	101	43067	39502	81018	9	7	10			15
[M1079P]	707	759	813	120	56	46		12		3			75	19	24	7	2	25	62580	22533	42232	1		4	1		6
[T1077H]	729	734	793	909	610	646	445	368	258	459	187	191	653	396	284	502	339	740	29086	26689	43543	44	15	8	456	325	155
[A1087P]	749	768	868	93	122	271	27	69	149	39	29	187	95	124	315		27	159	7433	10437	58513	8	12	9	3	8	8
[N1082I]	903	1001	1035	494	871	289	261	397	86	1510	1656	618	1270	1265	459	302	538	711	14392	25795	22785	16	31	16	88	116	54
[Q1078C]	789	797	899	26	37	62	14	11		26	19	36	203	470	281		3	10	8568	17087	31006	2		5		1	8
[T1077A]	1026	1141	1148	1917	1651	1756	1060	1462	1135	3923	3769	3901	2969	2764	3295	1374	1640	2679	5730	4815	8906	64	57	62	692	644	536
[T1080K]	820	849	948	38	96	123	18	41	28	65	151	137	100	437	634	7	28	86	4371	11758	33471	2	3	7	3	5	9
[Q1078L]	672	682	774	30	15	27	8			2		3	47	20		3	2	2	24433	4996	21241	5		1	1		3
[A1087T]	902	913	1126	643	478	1914	254	319	1094	2604	2414	6993	773	505	2577	439	166	556	3943	2414	16178	89	69	113	81	99	161
[T1077S]	806	1007	1225	2785	1703	2982	1932	1209	2138	2590	1482	3692	2645	1558	3052	1498	1355	2211	1610	1105	1793	91	47	95	1530	1184	1761
[T1077E]	699	801	824	136	350	36	38	57	7	474	984	40	1579	1574	368	54	106	91	10207	19351	5038	3	6	2		3	
[S1091G]	662	798	900	1463	1701	1350	957	807	1023	368	327	320	799	456	588	834	800	1561	201	95	93	23187	35	58	1048	1063	856
[A1087S]	1106	1246	1361	2407	2620	2589	1464	2432	2115	1192	1397	1182	1247	1382	1442	1424	2291	4171	317	194	214	702	532	620	2043	2347	1625
[P1099Y]	1329	1504	1355	3602	3518	1532	1662	1697	964	365	382	231	1025	1001	578	1236	1524	3433	378	218	66	94	62	46	4041	3900	1510
[T1083H]	1036	1088	1097	1471	3197	1375	981	2472	909	193	356	213	557	5382	592	574	1311	4425	1093	199	34	49	69	49	1613	3447	1459
[Q1078S]	1128	1354	1426	1836	1823	2526	1203	1644	1844	1504	1394	2491	929	850	1592	930	1605	2984	313	358	167	81	46	86	1493	1473	2158
[T1080N]	660	848	670	1217	1786	569	1003	1278	497	527	739	269	488	596	188	687	1280	2362	309	192	14573	100	107	80	1281	1626	490
[T1080R]	792	866	904	815	1097	539	273	727	341	2215	3741	1959	1334	2374	1343	494	1038	1141	632	882	1462	40	38	7080	160	209	65
[T1080H]	1202	1340	1247	2273	1988	425	1751	1427	347	2357	2116	649	2001	1403	465	1810	1633	2632	965	456	135	70	69	12	1398	1009	191
[V1098F]	891	972	1047	52	84	98	4	10	18		3	1	5	5	10	6	4	19	3	5	41	7044	8060	12916	21	17	19
[T1077L]	738	1014	958	1067	2914	820	673	2349	776	597	1386	515	592	1462	427	604	2392	3973	237	934	196	44	87	18	1199	2937	718
[P1099L]	1700	1494	1767	2389	1466	2576	1323	904	1245	271	143	266	942	543	962	1153	824	1856	136	58	137	87	496	64	2577	2078	2080
[F1086C]	1161	1034	1040	3865	1398	2214	2364	896	1433	392	161	375	1224	430	894	1368	528	1696	278	66	86	245	39	37	3102	1466	1586
[A1087L]	943	911	1029	132	127	179	67	78	60	850	459	565	356	286	470	30	19	148	4341	4305	12521	6	6	2	5	6	5
[T1083F]	1159	1028	1159	1689	225	562	812	153	422	8180	303	1747	3795	292	1627	718	130	321	1287	169	440	87	6	17	377	76	199
[Q1078V]	705	789	781	347	623	390	153	498	222	1587	3162	2184	306	777	388	259	541	865	2102	4237	5463	12	25	5	73	122	69
[T1077C]	1334	1254	1336	2134	1683	1243	1268	1295	592	414	286	162	690	386	416	801	749	2327	1231	926	1387	83	63	44	2278	1344	932
[Q1078A]	740	808	838	410	840	573	167	589	289	1728	4251	2784	726	1828	1297	301	841	1011	972	2676	2357	9	27	13	41	163	94
[V1094Q]	912	1009	826	2240	2768	710	1117	1688	338	100	181	28	511	466	167	789	920	2783	120	304	20	3653	53	14	1657	2302	679
[I1104V]	801	839	897	64	82	115	11		4	1	1			2	7	17		14	4	6	7	4262	4554	14486	15	24	25
[N1082L]	599	697	699	273	168	82	128	94	19	901	570	113	600	427	167	90	113	136	9091	5117	5728	23	4	4	19	6	
[F1086A]	1175	1100	1195	1748	1955	861	1008	1272	566	471	817	482	926	1120	703	821	1061	2468	150	255	35	1019	56	15	1869	1488	474
[S1096L]	464	523	593	38	12	13	18	1				1	1	1		5	2	1	13	8	19	20583	1193	1303	10	1	4
[T1080S]	851	824	1148	1248	955	3320	946	608	1797	712	369	1681	855	376	1768	427	382	1054	252	175	399	211	105	179	806	575	1852
[T1080W]	795	845	838	922	656	91	517	245	94	6667	2797	562	2457	974	223	664	234	476	2465	765	210	37	17	1	132	48	15
[N1082T]	1026	1023	1012	2302	1800	1918	1149	988	1130	359	214	346	793	514	680	998	800	1737	375	157	229	70	41	42	1641	995	1175
[V1089G]	898	949	1090	2804	1085	1669	1889	935	1085	812	359	483	1275	459	792	1195	600	1530	440	77	101	140	49	87	1388	503	697
[V1094Y]	909	893	941	2581	614	2816	1387	449	1815	311	67	378	583	116	785	1054	243	708	183	23	189	77	24	71	2534	636	2854
[T1077Y]	819	872	922	708	934	884	515	832	451	218	206	288	541	430	494	394	309	1508	3312	2826	3914	45	34	39	557	555	356
[L1101I]	809	801	970	70	20	26	22	2	1		2	1	5	1			1	5	7	8	8	12787	5817	1174	12	4	
[V1094W]	654	895	707	1404	2075	1168	788	1218	738	136	202	109	437	471	281	617	1056	2152	69	62	1407	32	55	41	1681	2426	847
[P1099F]	1093	1228	1175	1357	1997	932	637	1182	504	133	197	102	419	909	347	393	813	2190	79	1210	53	30	57	20	1437	2101	1088
[A1087C]	1258	1289	1283	1172	1551	607	562	801	397	1628	1930	1355	1325	1697	646	509	548	1523	386	291	91	24	47	24	244	296	77
[Q1078T]	782	961	950	1243	1547	1199	760	1216	878	497	484	652	401	419	471	636	1098	2253	84	310	37	29	42	27	1189	1705	1010
[Q1078N]	496	537	519	335	346	67	118	163	22	1262	892	310	900	1127	328	140	189	268	4435	5604	2579	19	9	3	5	15	6
[S1096M]	486	549	630	26	12	32	4											4	6	3	2	5161	2718	10543	7	5	5
[V1094H]	1088	1297	1377	988	1642	1644	722	1102	1263	128	172	222	197	374	548	369	595	1967	69	111	74	38	50	44	914	1438	1543
[V1094C]	946	1009	1128	2744	1530	1702	1142	619	787	77	36	56	754	252	377	675	375	1147	125	61	47	85	20	32	1989	970	1070
[N1082Y]	442	461	491	21	62	14	9	12	2	21	50	2	69	333		6	10	12	5014	8430	3844	135	61	222			2
[F1086S]	1255	1098	1254	1705	934	1646	1250	427	1173	164	58	181	594	249	447	623	220	723	101	34	87	825	144	557	1497	712	1148
[N1106C]	875	952	998	36	28	129	5	6	17		2			1	1	11	6	11	19	4	5	3325	1764	10601	3	5	9
[N1082Q]	883	895	1129	2027	1195	1759	1069	568	969	139	75	174	515	342	670	502	533	974	201	97	176	63	16	31	1593	739	1290
[Q1078M]	735	824	848	638	1747	722	495	1229	495	327	1029	609	238	578	331	318	1343	2374	487	356	394	25	52	10	414	1333	579
[P1099V]	849	1022	971	818	1753	1012	427	1041	416	71	175	83	229	515	323	362	1213	2214	48	377	62	15	34	20	655	2430	952
[T1077N]	746	753	973	863	987	1187	344	648	825	128	124	152	302	243	363	228	261	1134	471	439	563	45	4001	361	520	660	745
[V1089R]	1236	1157	1150	2126	1175	824	1104	771	444	459	254	165	1166	452	446	829	458	1414	243	47	50	48	31	12	1000	520	320
[V1089Y]	1014	1123	1113	1154	1950	1500	421	1091	793	88	121	101	318	534	612	279	494	2109	63	47	38	23	40	33	687	1253	899
[P1099E]	820	841	842	1428	500	701	596	194	424	85	21	32	399	119	194	398	145	408	73	13	17	40	6992	16	1334	787	386
[T1083E]	647	687	751	671	546	391	257	502	270	2934	2555	1323	1264	1015	727	321	496	913	597	303	277	36	25	8	115	103	49
[Q1078D]	561	566	627	8	13	3	2	3		5	26	13	88	104	111	2	6	6	990	7754	6531	3	2	8		1	4
[N1082V]	715	642	684	707	390	135	427	274	108	1850	953	368	1190	504	149	457	227	550	3784	1694	1048	29	15	3	215	145	17
[P1099I]	779	796	815	1216	1035	1564	655	678	969	145	124	182	525	310	636	404	415	1337	184	31	70	27	31	85	1338	1356	1547
[A1087G]	991	943	1082	962	483	850	541	493	435	1737	872	1314	1123	531	813	471	453	929	678	214	446	99	39	65	304	148	140
[N1106G]	675	680	758	41	82	32	3	5						3	2	3	10	24	2	23	5	1260	12616	780	18	17	3
[K1102V]	627	704	694	143	45	76	45	16	32		1		4		6	2	1	15	27	2	24	14320	15	3	48	20	2
[V1089A]	854	897	1076	1609	877	1636	981	441	979	135	67	71	638	178	465	721	287	789	83	67	61	102	54	96	1695	1004	970
[P1099T]	1103	1187	1439	1302	858	1529	745	464	672	141	95	108	486	261	475	393	445	892	138	49	58	29	18	47	1499	1024	1045
[A1090E]	925	983	1051	165	166	56	15	30	9	1	1	1	12	4	5	13	35	51	21	22	18	5142	5642	1902	30	30	12
[K1092R]	1029	1081	1354	340	655	624	64	178	172	1	6	12	51	68	110	86	63	274	12	10	15	9099	102	104	187	204	362
[N1082S]	1100	1039	1137	1690	962	654	1036	668	293	433	228	113	796	410	341	655	528	1188	221	93	53	39	25	15	1428	689	382
[K1092M]	993	1101	1168	83	129	20	11	18	9	1	1		1	6		9	8	20	5	7	1	1084	11090	315	14	33	2
[S1096A]	642	654	712	61	27	5	2	4			1		2			12			7	23	5	8242	1477	4199	20	5	
[N1106L]	927	1009	1093	18	35	55	12		5		1		1	1	2	2	5	9	1	14	19	930	2319	9465	4	2	15
[N1106I]	942	1102	1112	101	152	72	31	27	4	6		1	1	7	5	5	32	63	9	2	10	7308	4445	358	20	25	6
[P1099M]	848	831	845	817	1486	1181	373	796	663	64	146	143	406	418	407	369	876	1570	53	58	39	41	83	21	901	1280	974
[T1083S]	1053	1120	1353	396	247	373	197	128	171	50	25	53	264	103	248	104	70	185	370	34	92	2935	4020	1437	300	111	193
[T1083C]	883	820	896	1533	605	1234	609	410	577	220	94	213	1054	303	955	380	172	777	1739	33	78	50	11	30	884	449	566
[V1089H]	878	961	807	1966	1256	327	1191	815	172	292	206	57	863	608	116	582	394	1413	215	34	27	54	38	2	1272	727	146
[V1094F]	836	779	873	1493	970	1500	692	472	821	76	75	120	310	199	371	567	274	905	85	30	79	178	137	158	1462	1034	888
[V1098M]	1131	1209	1283	7	41	27	1	10	1			2			1		1		1	21	3	6568	2203	2851	6	6	
[T1077Q]	804	855	921	1068	708	507	506	574	422	833	485	458	698	385	291	611	511	1019	846	813	624	33	26	24	724	422	149
[A1090R]	777	976	989	837	1252	2007	206	644	893	15	54	88	169	166	510	309	339	1160	43	155	515	18	27	42	483	965	1408
[T1083Q]	828	720	1028	699	582	1735	531	400	1097	568	502	401	447	341	997	226	257	673	111	61	94	12	8	34	639	486	1279
[V1094G]	981	1336	1222	1217	1181	1957	347	454	923	21	25	35	261	230	421	228	196	863	44	26	24	126	81	111	661	1048	650
[P1099W]	1048	873	916	1577	499	1325	896	249	610	238	55	206	581	128	566	563	272	454	129	37	33	44	12	22	1761	620	923
[N1106H]	889	1067	1077	129	227	80	15	40	23	2	1		3	9	2	13	8	57	29	110	30	744	9239	690	26	69	30
[N1082M]	837	779	915	1166	673	1320	590	363	863	262	169	358	614	331	873	333	299	731	317	137	226	37	13	303	639	506	846
[P1099A]	1241	1020	1107	2465	449	1069	885	193	303	49	21	40	701	94	215	662	148	312	59	23	38	53	14	24	2023	603	562
[I1104L]	1159	1223	1282	45	31	82	10	2	8				1	2	5		2	7	9	7	9	3733	3611	2726	20	3	21
[T1083V]	726	645	743	1726	575	1094	747	383	797	375	91	295	518	192	544	523	225	730	133	27	62	44	15	33	1383	529	806
[T1080Q]	562	615	535	980	1448	321	559	1041	305	131	165	31	342	449	100	386	901	1745	160	107	29	34	32	8	1030	1666	253
[T1083N]	849	735	1032	1357	701	649	722	627	378	258	165	145	460	237	391	564	469	1087	160	40	63	55	13	19	1217	762	627
[F1086D]	548	635	628	458	1179	526	176	873	458	448	1043	549	517	1022	729	226	728	1598	62	103	30	18	45	15	211	580	175
[V1098I]	729	774	769	90	38	16	7	5	7				1	2		7	11	8	18	11	16	6791	3303	861	13	4	
[N1106Q]	638	659	708	40	5	4	19	3	1									2	8	6		10736	49	571	13	3	
[P1099D]	1104	1084	1154	1286	890	1169	405	406	481	37	50	63	288	163	471	343	220	682	53	28	28	29	78	18	1011	944	961
[S1091P]	1095	1229	1167	1102	1978	622	257	762	173	43	59	39	367	608	181	223	419	1356	61	83	35	13	25	10	452	753	242
[N1082H]	599	628	527	525	825	38	282	694	5	1054	1633	53	667	1053	86	210	514	1236	415	924	8	187	97	353	150	273	5
[V1094E]	657	809	670	837	1455	158	493	1030	167	168	225	23	356	436	162	313	605	1672	59	60	17	19	29	11	919	1565	115
[N1106V]	702	805	817	71	156	44	7	18	2		1						4	28	4	8	7	6279	1250	2736	13	43	6
[H1085Q]	1173	1277	1306	975	979	295	397	462	145	411	404	201	872	738	335	273	346	763	48	39	14	257	165	145	467	430	72
[T1083Y]	596	615	658	301	207	346	163	141	355	2182	996	2141	736	445	1215	246	182	233	298	244	513	9	8	11	36	16	26
[V1089F]	1081	1306	1427	555	893	2144	200	390	516	15	22	58	172	173	572	48	188	749	15	22	27	197	153	194	283	547	933
[V1089-]	1247	1280	1158	1165	797	251	368	401	85	563	267	81	1021	471	211	274	372	851	147	25	1119	32	29		269	275	48
[T1095C]	916	1088	1002	930	1456	830	396	652	316	24	32	39	237	287	127	187	446	1039	37	23	7	29	39	12	666	1414	526
[N1082W]	676	583	721	770	183	328	355	134	168	1580	388	687	1235	208	573	383	94	231	1625	371	915	36	3	6	206	51	61
[A1090-]	1037	1165	1109	982	1019	1422	556	384	775	47	55	86	265	209	428	186	194	756	46	43	72	18	21	25	597	473	598
[V1094T]	830	1035	1056	500	1529	1215	148	678	416	9	43	16	113	151	221	156	454	1170	31	236	96	16	18	30	294	1283	661
[V1094R]	969	957	1134	1524	537	988	645	375	429	66	30	50	397	117	296	424	125	609	122	26	68	49	13	29	1192	433	708
[L1081C]	539	601	675	36	62	60			3	18	30	24	238	830	141		15	3	1922	3349	3545	1		3			1
[V1089S]	743	806	969	835	903	1088	365	480	523	38	60	82	332	229	472	201	323	962	76	18	55	28	9	814	437	643	558
[V1094N]	594	659	761	611	1115	1952	205	505	664	11	21	45	128	188	371	112	451	838	29	24	445	14	15	43	378	859	977
[V1094D]	794	680	684	2399	690	275	723	279	156	88	34	21	521	221	67	601	277	442	103	23	15	234	170	190	1506	421	246
[H1085Y]	707	885	855	493	530	476	225	344	216	759	1422	887	534	861	453	168	420	629	175	216	211	21	21	8	81	91	42
[F1086G]	538	702	661	162	925	390	168	601	193	452	1644	803	203	1082	379	58	570	1165	123	283	117	4	25	12	52	217	75
[N1082K]	562	725	598	519	1043	486	211	1000	188	151	338	165	203	629	350	227	499	1701	125	346	98	94	111	100	247	705	155
[L1081M]	697	731	656	750	912	431	414	640	356	297	357	228	874	729	765	276	295	1079	167	163	195	20	32	5	182	196	107
[F1086V]	761	624	925	778	663	1032	451	447	707	187	98	186	373	191	349	376	205	718	377	60	56	33	22	29	591	487	745
[N1082A]	756	727	787	530	834	187	434	466	166	765	1012	235	698	1081	310	276	377	753	242	158	47	17	28	8	136	225	54
[S1091-]	869	1042	1080	765	1232	667	280	669	361	60	136	58	190	262	296	207	356	1219	46	42	33	11	23	12	300	631	307
[V1094A]	818	778	916	761	960	742	236	329	195	12	15	9	149	2141	198	154	281	552	30	14	9	65	39	48	470	691	357
[H1085A]	922	823	1021	398	215	106	145	163	40	1801	869	129	1750	802	431	206	88	292	303	184	74	8	8	3	16	6	2
[N1106-]	753	809	974	13	8	5							3	2				1	5	3	19	3596	2315	2250			1
[K1093S]	817	854	950	57	35	8	3	1		1	2			1	2	3	3	3	6	6	1	3858	3111	939	4	1	
[H1085R]	755	795	823	420	554	245	210	241	157	1374	1148	625	893	562	360	225	161	435	66	23	3	9	13	3	125	143	42
[T1095V]	637	659	702	8	11	2	1						1					2	7	1	4	4062	36	4219	1		
[V1094S]	901	1093	1101	443	1202	694	170	597	208	9	10	22	92	245	153	129	346	1034	13	22	16	6	25	7	342	975	490
[T1083I]	862	931	959	968	880	571	292	378	312	232	157	150	629	278	424	275	233	601	68	29	10	32	20	10	434	291	296
[V1094K]	726	767	744	873	1234	452	342	678	228	40	50	40	164	236	110	285	362	1026	55	35	18	19	23	13	599	844	348
[A1090K]	622	738	743	875	1000	622	335	528	357	20	32	6	187	158	170	304	415	859	32	40	22	23	23	5	707	910	479
[P1099C]	783	848	923	734	621	1155	296	331	430	19	20	33	207	147	305	325	188	528	185	22	17	15	11	15	668	676	697
[V1089T]	1081	1093	1134	842	928	728	195	370	350	25	17	19	259	178	316	231	227	721	44	19	17	12	19	12	536	428	381
[S1091W]	788	915	901	1398	535	415	678	238	386	255	131	88	545	150	277	345	157	427	119	20	39	69	18	12	808	228	193
[K1092V]	807	848	941	57	77	16	2	23	1				6			1	4	37	1	13	5	4102	3057	1	6	12	1
[F1086W]	815	777	994	930	376	1455	361	161	622	20	11	42	265	88	426	144	71	243	40	4	19	22	3	25	836	275	992
[T1080C]	656	678	711	60	22	4	10	4	5	142	62	15	49	22	8	22	8	16	99	40	47	7039	256		6	7	1
[N1082F]	591	658	760	47	33	7	35	21	2	106	39	25	200	47	11	32	11	36	3889	3124	233		3		19	9	1
[F1086I]	629	620	672	698	678	1004	315	372	853	93	95	178	224	170	361	212	248	704	57	46	67	27	22	27	439	397	632
[T1095L]	568	566	607	33	22	146	13	3	7		1		9	4	4		1	2	5	8	8	2804	88	4861	8	10	20
[V1094-]	664	852	844	359	1146	716	235	687	444	35	81	30	134	223	234	173	519	1137	95	51	54	19	23	14	211	551	242
[V1094P]	754	813	927	816	343	1870	227	186	818	17	12	80	261	111	472	165	79	315	41	12	48	27	2	40	366	196	674
[V1089Q]	910	949	891	1317	770	354	418	460	111	32	28	12	407	232	68	220	226	763	78	21	21	33	14	9	649	540	127
[T1083M]	767	733	750	775	494	925	251	194	435	49	43	84	569	298	526	222	154	416	37	11	21	14	16	17	585	375	558
[T1083K]	680	774	965	390	647	934	105	382	333	93	238	290	234	665	726	74	160	714	76	40	194	15	23	15	94	204	229
[T1095S]	761	839	846	48	51	39	4	6	11			1	3	1		6	1	4	8	3	3	2488	725	3403	3	22	8
[F1086T]	704	876	790	337	1441	638	119	556	303	7	16	22	89	222	227	81	305	1069	12	30	14	11	29	16	194	837	263
[T1083R]	444	442	491	33	15	24	3		4				2	1		2		2	1	1		6362	582	712	2	4	5
[V1094L]	809	795	887	1701	348	882	430	176	244	22	4	12	251	36	127	282	149	314	120	6	29	24	11	16	863	235	250
[T1095P]	615	670	628	15	24	11				1									2133	1742	3126	1	3	2			
[F1084M]	1010	914	1051	755	90	128	377	72	55	1669	180	333	1562	131	175	133	8	159	61	1	1	20	2	5	60	11	1
[K1093Q]	825	882	967	164	190	55	13	19	1	1		1	6	10	1	3	13	33	8	15	6	3781	1750	1	88	70	27
[F1086N]	462	588	541	414	1039	728	170	407	454	20	58	60	258	283	395	90	434	714	21	32	31	27	18	24	368	750	420
[F1086Q]	525	727	639	531	1315	351	212	689	149	16	42	26	120	225	112	112	404	1172	19	37	17	8	20	5	261	763	156
[S1096C]	728	748	794	37	15	9	8	5	1	1			6	1	1		1	18	3	7	8	2136	2437	1650	3	5	
[S1091R]	849	952	839	756	1004	330	200	492	160	21	25	1	134	155	82	160	324	968	45	13	8	24	24	18	373	493	168
[A1087V]	767	586	653	1158	407	297	433	279	212	363	154	184	429	111	151	358	128	488	101	268	21	77	40	47	509	251	117
[N1082G]	578	563	617	442	221	126	244	210	36	1198	549	249	836	1199	135	218	83	366	362	111	61	28	1	8	65	42	10
[N1082D]	540	523	612	44	17	135	14	6	13	35	12	5	22	7	3	11	1	8	56	29	22	2574	807	3008	15	3	11
[F1086R]	595	678	636	535	1016	486	336	530	239	32	46	37	190	183	131	189	277	845	37	379	34	15	30	8	332	494	212
[V1089K]	582	625	608	438	872	286	273	541	214	142	237	102	260	278	117	321	449	977	67	59	33	16	23	8	245	411	90
[N1082C]	657	515	581	935	373	221	669	253	144	180	48	28	483	161	129	444	204	466	127	53	27	26	7	7	987	256	159
[N1082R]	662	607	647	1092	595	371	488	325	78	50	37	9	388	197	86	175	186	605	83	36	6	21	20	4	803	362	194
[K1092L]	754	743	835	311	127	75	58	19	3				17	8	6	12	5	40	16	2	1	4412	260	157	141	43	39
[F1086Y]	608	743	819	163	109	103	25	33	16	9	14	5	12	23	18	13	32	31	14	4	4	3257	320	1464	52	63	29
[T1080E]	530	587	608	245	194	232	95	71	147	994	731	622	580	468	456	257	98	158	299	241	239	4	3	6	28	31	28
[S1096-]	733	864	955	641	475	1347	83	166	417	23	25	27	140	117	226	176	177	362	45	20	63	10	7	19	260	204	341
[P1099S]	813	978	829	488	865	440	117	257	144	16	15	13	148	225	116	197	203	491	18	56	4	13	8	10	409	817	212
[L1101Y]	830	963	1005	650	557	836	167	179	258	26	4	21	255	113	169	131	166	384	23	21	21	15	11	17	350	306	422
[R1100W]	1137	1131	1374	304	429	1040	37	60	201	2	2	9	55	59	136	47	147	104	25	22	449	8	150	340	133	218	276
[I1104A]	608	714	730	4	3	10	1										1		5	5	8	2826	7	2957	1		
[F1086E]	448	492	477	539	529	650	352	382	535	79	67	100	160	143	294	201	270	698	57	19	25	16	13	10	353	364	482
[L1105V]	831	998	1013	35	34	27	5	6	2	15			9			2	5	1	5	4	2	1276	106	3308	11	2	3
[S1091A]	749	871	856	701	1081	378	117	350	91	8	18	3	126	132	69	111	219	639	28	27	2	20	17	1	270	604	147
[I1104C]	650	656	743	6	4	3		1	1								7		11	6	4	4	1013	4487	2	3	
[V1098C]	781	813	853	128	128	126	24	5	44	1	1		12	5	17	20	6	20	6		1	2974	954	424	50	45	65
[P1099Q]	860	1002	948	753	449	198	232	153	63	10	11	4	249	67	62	158	109	329	32	19	8	278	287	154	664	245	142
[A1087I]	794	694	877	876	173	1100	234	52	373	118	19	95	337	49	326	220	64	122	43	14	36	30	4	20	388	58	345
[T1080A]	671	684	771	357	370	332	129	177	196	35	44	47	292	328	380	94	75	328	407	336	739	86	57	57	173	164	108
[G1097P]	638	793	833	303	651	1011	62	215	227	14	57	33	182	400	499	14	201	438	44	63	117	6	18	14	97	259	205
[V1089L]	1029	1345	1326	267	803	600	33	209	158	3	1	3	44	90	86	30	176	343	15	38	27	12	18	15	91	323	144
[P1099K]	932	1029	1059	544	398	604	134	121	192	27	9	6	132	89	126	54	111	259	18	14	7	35	12	15	399	355	445
[F1086K]	476	514	545	523	492	924	235	227	534	38	34	76	145	115	275	131	191	487	30	47	32	28	7	13	299	307	379
[N1082E]	897	820	889	900	425	446	261	129	213	25	7	35	174	41	90	169	115	220	85	25	43	34	8	23	527	193	282
[Q1078R]	800	858	1000	3		2							10		44				634	91	3528	1		1			1
[P1099H]	919	973	1029	387	572	477	127	143	213	6	5	22	101	83	159	71	67	263	10	11	11	14	15	7	341	382	316
[L1081F]	697	673	749	424	324	339	144	102	141	142	28	80	894	370	563	131	32	178	88	93	86	38	28	47	44	16	18
[H1085S]	621	657	717	94	145	62	49	41	22	340	338	176	290	396	266	32	15	87	474	856	754		13	1			3
[V1098Y]	1311	1387	1562	365	243	242	86	33	53	5	4	2	144	81	78	71	68	63	26	11	9	12	13	4	221	185	167
[A1090V]	897	931	1046	86	83	321	4	8	40		1	2	11	2	11	4	5	18	4	10	15	737	677	1447	4	1	49
[A1090M]	880	958	1039	12	36	93	1		5				2	1	1		2	4	1	2	6	992	1716	591	6	9	12
[A1090Q]	854	1084	964	365	701	216	66	187	78	1	3		53	51	35	84	132	329	30	6	344	4	12	4	227	374	89
[V1098A]	775	761	874	60	44	37	1	8	7			1				10		2	1	2	26	3599	30	2	7	6	11
[S1091K]	676	795	823	294	807	593	90	226	168		8	7	56	83	153	25	246	436	15	22	12	4	9	10	118	291	257
[K1092I]	826	875	1010	410	267	493	62	94	164	4	14	24	90	78	150	53	96	180	36	21	47	371	36	73	181	254	301
[S1096G]	718	761	816	658	505	369	168	128	174	6	17	5	156	84	79	137	78	256	28	8	5	10	5	10	354	437	108
[T1095-]	715	775	919	342	557	616	147	179	198	7	6	18	104	72	145	82	155	341	14	21	17	5	17	8	144	233	182
[P1099N]	984	1014	1185	386	290	701	113	54	77	9	1	8	83	40	90	102	39	107	23	5	6	26	6	20	287	109	247
[V1089N]	739	785	885	548	450	351	195	155	320	13	11	10	192	103	116	97	75	277	27	38	6	15	5	8	196	253	135
[K1102N]	1136	1302	1400	97	72	72	8	6	12	2		3	3	3	1	9	11	20	11	13	7	641	391	735	22	18	5
[F1084T]	654	744	860	11	17	27	7			48	83	48	126	42	166	5			237	741	2179	1	2				1
[S1091T]	957	1129	1091	355	573	257	111	171	41	2	4	1	75	74	52	60	155	316	19	7	3	5	5	3	132	246	128
[P1099G]	681	862	751	448	634	246	110	129	48	16	3	1	121	139	55	76	73	454	26	24	131	52	16	6	332	348	115
[P1099R]	814	857	915	61	111	66	5	26	20				4	6	4	3	13	28	4	27	13	34	774	1831	4	60	19
[K1093R]	791	891	905	548	496	243	178	120	64	3	5	1	121	48	52	106	93	229	16	11	8	6	8	17	283	320	102
[V1098L]	785	795	776	643	306	458	150	71	81	5	5	4	222	65	102	59	78	132	48	17	34	248	24	27	315	81	102
[A1090G]	786	1031	1027	27	263	88	7	9	6	1			2	9			14	34	7	30	11	208	1670	309	2	71	8
[S1091Y]	491	591	557	219	995	225	74	312	142	3	24	4	34	182	65	29	233	658	19	37	10	8	15	4	131	403	101
[V1098P]	923	920	1065	305	278	513	48	125	104		2	3	93	73	115	49	64	219	17	5	8	14	6	10	186	178	229
[V1089E]	958	1118	1081	514	464	270	113	73	46	5	3	3	143	52	42	53	84	129	31	13	21	17	11	3	145	61	30
[G1088-]	659	686	707	4	3	2					1		40						877	254	2249				1		
[T1077I]	371	403	518	281	39	138	60	7	47	2		6	53	12	19	27	9	14	1039	852	1279	5	2	4	204		32
[S1096K]	814	857	917	20	9	10	2		1					1			6	2	4	8	6	1365	469	928			4
[V1094I]	545	579	618	141	257	134	56	61	10		1	4	24	19	11	24	64	114	9	2	1	818	1225	424	69	158	29
[K1102L]	1042	1075	1148	452	130	247	64	52	119	4	2	1	90	23	52	51	52	80	174	13	26	4	4	9	229	93	111
[V1098W]	608	727	731	363	308	299	139	113	78	40	27	37	288	147	226	114	135	230	52	32	51	12	7	2	242	193	140
[K1102M]	952	1038	1206	275	321	216	54	67	61		1	3	51	46	30	60	34	126	36	25	27	93	118	99	178	136	80
[N1106F]	733	684	664	844	177	76	227	68	41	21	5	5	385	54	37	229	43	119	32	13	1	24	11	37	545	155	67
[V1098Q]	1053	1027	1169	216	234	342	33	45	68	1	7	1	51	29	47	52	55	65	8	9	16	6	357	175	86	46	79
[N1106D]	642	645	754	225	313	384	79	164	150	11	8	6	73	116	135	41	95	262	21	23	47	106	60	80	217	286	199
[N1106K]	614	591	708	14	24	10	2	4	4	3	1	1		1	1	2	2	4	317	450	5	568	1213	564	6	8	3
[G1097M]	695	714	708		3	2						4			13		4			14	2955		3	1			
[A1087Q]	800	770	939	21	13	12	2	6		35	88	38	111	14			8	11	760	1080	385		1	2			
[T1095N]	842	960	997	145	249	87	24	18	17	4		1	8	3	5	4	20	28		6	11	53	886	623	44	41	15
[K1092E]	717	717	917	5	5	1			1	4			2				1		2327	2	5	144	93	122	1		1
[K1093N]	845	969	1060	103	131	174	26	27	40	7	1	1	20	2	21	4	20	59	8	6	15	509	446	422	10	96	30
[T1077M]	705	904	977	272	428	436	65	96	50	1	5	8	71	45	85	72	32	139	9	12	34	13	12	7	79	302	172
[F1086H]	641	704	702	318	568	345	45	162	99	10	15	17	63	92	83	45	163	290	14	18	14	9	16	6	143	267	157
[K1102I]	842	956	1082	121	85	260	25	11	32				12	4	1	25	8	21	12		33	145	318	807	90	39	60
[T1095M]	856	962	1013	265	369	371	44	81	38		2		39	38	36	65	88	127	6	7	19	86	11	33	86	132	156
[V1094M]	809	874	939	270	603	170	28	165	33	2		3	24	60	6	33	85	314	8	13	10	2	13	3	84	293	61
[I1104F]	753	831	853	27	98	21		4	1			1		5		1	10	13	4	4	7	706	984	540	4	3	2
[I1104D]	1051	1074	1278	20	34	38	1		1		1	1			1		1	3	4	5	9	514	17	795	2		
[V1089W]	1053	1006	1180	316	306	397	26	37	57	1	1	1	39	28	61	26	12	57	15	11	13	4	1	7	77	13	92
[S1096I]	531	503	637	2	3	2						1	2					1	4	5	21	585	1488	1025			
[N1106M]	609	678	754	13	18	34	6	2			5				1	1		1	2	7	10	9	137	2496		2	1
[K1093E]	996	960	1031	409	132	184	50	25	17	2	1	4	32	17	8	31	61	29	6	4		102	273	114	183	51	56
[A1090S]	777	930	894	130	349	213	18	74	72			6	14	19	28	4	122	123	11	13	5	167	201	255	68	201	60
[R1100Y]	590	657	710	5	2	15	6		1									2		2		199	537	1987	2		1
[T1083G]	406	489	449	180	374	439	143	226	166	22	38	60	105	263	227	78	89	381	9	7	16	4	8	6	142	204	174
[N1106T]	659	706	734	14	23	19		5	1	1	1	1	2	5	1	3	1	7	2	8	1	1181	1262	41	1	20	
[V1098R]	654	778	779	232	235	127	79	215	36	41	39	13	178	166	127	13	157	403	26	34	17	8	1		139	160	21
[K1102W]	788	856	867	283	356	107	62	59	76	4	6	4	123	127	29	43	139	136	53	73	30	6	1		205	166	30
[N1106S]	550	507	572	14	40	13	3	1				2	1	1	3			12	10	6	21	699	1998		3	5	2
[I1104M]	841	847	878	12	3	2		1	2			1			1		1	5	24	15	11	1150	277	371		1	2
[M1079L]	629	610	662	81	48	72	10	3	24			1		2	3	5	5	13	21	6	12	1875	66	240	16	7	13
[L1105F]	691	660	787	41	24	4	1	1	1	4		1	1			4	10		9	1	1	1682	220	222	3	2	2
[T1083L]	447	571	536	258	98	73	80	39	15	153	47	41	158	64	32	21	20	72	631	354	577	4		3	36	15	4
[F1086M]	714	690	732	758	152	27	154	42	6	4	1	1	141	28		132	12	84	43	5	2	107	2	3	398	72	1
[A1090C]	806	872	970	41	25	11	2	3	1					1	1			2	9	2	4	556	344	629	7	2	1
[A1090L]	822	877	961	8	14	20		1	3	1								4	3	3	4	565	203	785	9		1
[F1084Q]	948	1054	1117	20	39	48	11	5	7	2	10	15	53	84	57		5	6	183	200	410		4	1	1		2
[S1096V]	626	655	694	1		4					1	2	1	1			1	1	4	6	7	519	341	1416		1	
[A1090P]	895	891	1026	221	242	309	39	52	40	2	1	1	49	22	37	11	34	89	49	92	49	3	5	7	56	27	31
[V1089C]	690	721	892	160	167	339	20	32	44	2		3	17	5	36	22	17	68	4	2	1	65	53	720	23	70	94
[A1090N]	963	967	1156	122	73	156	5	32	16	1		1	9	3	9	20	10	39	4		9	33	11	527	36	15	25
[K1102A]	942	958	1086	162	170	99	21	20	2	3	3	1	14	6	6	4	20	54	17	9	11	5	507	2	50	25	38
[L1105G]	823	897	874	316	420	160	34	70	35	1		1	46	66	14	29	114	109	11	22	12	25	4	24	68	35	7
[I1104T]	526	581	548	21	13	1	5			1				1	1	10			9	1	5	48	2387	44	3		
[I1104N]	702	722	828	7	18	9	3	3	1	1		1	1	2	1	3	1	6	5	3	3	374	1144	357	4		3
[L1105M]	642	697	711	60	36	187	4	23	38			2	2	3	8	4	4	32	5	7	11	293	175	1204	21	6	20
[T1083A]	674	706	734	407	115	379	92	42	111	4	4	5	107	48	93	84	33	107	25		10	38		6	239	31	63
[V1089D]	896	1010	968	128	228	189	23	48	20	2	2		14	19	10	6	42	66	17	7	6	125	115	115	28	56	10
[K1102F]	865	795	883	414	189	70	80	67	6	1		2	74	30	13	57	19	117	34	38	12	13	23	2	210	89	22
[F1086P]	738	802	793	124	254	158	78	123	65	11	11	15	26	55	62	28	103	276	7	10	6	4	2	9	69	187	102
[L1101F]	652	732	850	12	63	8	1	16	4		11	1	4	2	1	2	7	30	2	983	3	294	217	168	2	41	4
[N1106Y]	926	818	952	273	50	265	91	9	30	3	2	1	67	4	31	40	4	10	9	2	15	81	86	83	158	11	53
[L1105Y]	760	764	959	2	12	12	2		2			23	2		7	2		3	1		1484	4		1	1	5	1
[L1105T]	765	792	809	210	99	50	11	8	13				15	2	1	23	22	10	7			861	263		42	27	8
[K1102R]	789	835	970	19	86	107	4	16	12	1		2	2	3	3	5	11	21	8	3	8		902	183	8	17	13
[K1092Q]	521	560	667	10	3	4		3	2		2			1					7	5	2	334	153	1731	1	1	
[L1105A]	879	932	929	277	152	97	25	8	7				39	4	15	12	61	21	8		1	198	37	188	56	12	18
[N1106P]	733	692	876	221	224	298	111	64	59	6	6		95	19	84	25	38	113	16	17	9	12	4	3	118	37	86
[L1105E]	588	639	729	328	196	300	111	67	143	19	19	28	135	75	167	54	42	96	8	7	23	16		4	40	39	54
[K1102Y]	937	977	1039	89	208	139	13	19	11		1	1	15	19	4	5	39	47	10	33	10	19	9	133	22	103	25
[G1088A]	837	988	1107	12	10	6	1	1	1							1		1	3		2	363	287	261	4	2	1
[S1096R]	700	762	851	213	177	174	33	44	14		1		27	17	10	22	23	57	11	6	6	122	212	159	91	55	31
[K1102Q]	776	852	885	308	223	197	60	25	30				40	12	9	32	20	70	29	10	7	12	25	9	89	56	42
[K1102H]	858	836	994	315	80	107	25	16	17				10	2	2	34	12	16	42	9	16	231		61	87	16	2
[R1100-]	1130	1211	1327		1															5	4						
[K1102D]	849	896	926	209	117	116	25	42	8	1	1		3	5	1	22	7	56	33	59	25	66	90	4	45	47	10
[L1101V]	684	676	755	200	74	180	32	8	58			3	39	11	41	54	26	16	5	3	5	6	4	526	97	47	111
[K1102C]	936	1033	1086	30	86	115	4	8	8			1	1	1	14	3	7	10	2	9	3		6	209	28	18	12
[E1103C]	1077	1160	1313	1		1		1	1	1	1	1		1	1					3	1	5	14	6			
[V1098-]	1044	1204	1278			7		1				6							2	2	1	1					
[I1104K]	1054	1132	1252	1	3													1	2	1	3	25	16	47			
[V1098S]	940	1061	1110	3		5						1	1									394		3			
[A1090F]	709	807	789	3	6	10			1							1		1	3	9	6	404	355	378	1		
[V1098E]	1032	985	1101	79	63	112	1	1	4			1	3	3	5	2	5	12	3	4	6		2	1	7	20	20
[K1102G]	926	1056	1198	10	8	5		1				1	1	1			1	2	3	5	3	59	169		2	1	3
[A1076C]	995	999	1146	7	1	3		1										1	81	7	144	31					
[S1096F]	1016	990	1272	1	1	3	1		1		1	1							1	2	2	34	42	37			1
[L1105W]	698	714	806	19	10	13	2	1					1		1	3			8			961	71	68	1	5	3
[K1102T]	729	884	873	187	183	161	31	19	36			1	15	21	13	10	15	51	15	13	4	8	3	1	39	59	12
[F1084R]	702	721	817	14	98	57	5	8	1				1	39	6	2	5	11	37	191	171	211	266	5		5	2
[A1076D]	918	955	1048	4	13	6	1		2			1					2	2	1		1	160	115	132	2		
[F1086L]	689	711	807	7	8	11	3	1	2	1		1					1	1	4	1	16	624	434	24	3		3
[V1089P]	1033	1070	1216	4	3				1				1					4				1			3	2	1
[S1091M]	705	811	921	30	37	32	1	5					1	2			10	5		42		195	130	381	14	7	1
[A1087E]	991	1084	1252		2	1																					
[L1105R]	1083	1029	1185	8	4			5										2									
[A1087D]	948	1027	1133	3		3	1	1		1		2	2				2	3	2	4	60	42	46	33	1	2	
[A1090T]	669	709	733	43	137	14	2	14	1		1		3	2	1	3	17	17	5	435	1	63	356	41	3	30	
[A1090I]	727	788	795	167	174	142	32	16	28				10	6	3	20	25	27		2		155	7	80	33	39	20
[S1096P]	798	855	938	56	71	62	21	2	8	2	1		4	3	2	5		23	113	61	132	98		6	6	11	10
[T1077V]	492	455	605	219	58	57	23	8				1	25	6	10	10		36	366	319	483	4	4	2	70	17	16
[N1106E]	582	709	760	154	150	214	35	64	47		2	5	24	19	32	21	14	93	15	37	1	5	4	7	101	140	48
[L1105-]	908	931	973	35	2	1	15			2			2			2			332	69							
[T1083W]	463	450	527	33	33	44	3	8	6	52	49	54	286	121	130	11	1	20	166	293	517			3			
[L1105C]	571	545	642	322	73	86	48	11	20			1	23	1	4	57	9	20	15		6	513	21	83	109	17	58
[K1093H]	1006	1033	1188	1	2	1				3	5	2		2					1		1	3	3	3			1
[E1103W]	839	916	978	1	1							1							2	480	12		1				
[Q1078E]	717	744	859	6	5	4	2	1		2							2	1	165	54	284	138	107	121	1		2
[K1093D]	602	666	761	249	47	311	79	11	39		1	1	16	1	22	24	7	7	12		86	66	2	20	113	8	64
[V1098N]	983	1075	1144			1	1	1	1										2	1		1			1	1	
[T1077D]	893	892	1100	6	4	3	1	1		5	4	3	5	8	4	5	2	2	74	85	94		1	1	1	3	4
[S1091I]	810	843	924	3	1	10										2			1	5	3	278	129	189			
[L1081I]	629	626	721	85	90	46	40	72	44	28	59	31	91	106	82	31	30	143	28	18	23	48	31	42	25	19	8
[V1098K]	900	997	1147	7	3	35			2			5	1		25				3	2	50			3			12
[L1105I]	623	701	759	37	40	30	4	1	2			2	2	1		12	1	8	12	3	3	532	247	140	7	14	8
[K1092N]	618	620	750	9	5	21	5	3	2	1		1	1		3	1			2	1	2	29	23	1059	7	2	
[F1084S]	939	978	1175	5		1					1		1	1					5	16	11	1					
[S1091Q]	872	990	1097	1	15			2		1	1			2		1	1	1	5	52	11	13	30	14		3	
[E1103N]	962	984	1121		1	2	1											1	1	7		9	9	12			
[T1095Y]	829	815	936		4	1				1	2		1	2				1	14	44	13	5	105	331	1		1
[T1095Q]	685	738	860	1	7	14				2	1								4	13	2	345	417				
[K1102P]	930	970	1032			37			19			6			20				3	5	57						4
[E1103D]	730	784	923	4	4	5	2	2	3	3	3				1	1	2		2	3	137	193	112	154	2	2	
[I1104Y]	891	1003	1050	2						1	2				1		1	2	2	2	1	99	2	6			
[L1101C]	918	998	1108	1	3					1		3		2				1		12	1	2	1	5			
[H1085T]	567	598	605	95	20	34	16	11	3	85	59	16	182	44	40	26	23	20	258	105	242	2	1	2			
[K1092S]	788	791	895	21		9	1									1		1	2			385		144			
[I1104-]	948	1017	1048	6	1														5	1							
[L1105N]	822	823	928	128	38	123	19		1	1		1	12		8	13		9	5	4	7	42	19	2	11	1	2
[G1097A]	848	880	1061	3	3	1		1	1				2		1	1			2			62	59	86	1	1	1
[E1103V]	863	926	1027	1	11			4	1		20			2	2		2	4	1	130	3	2	3	6			
[T1077K]	608	647	721	10	17	6	6	3	4		1	1	2	2	1	3	6	8	86	64	90	265	187	241	4	6	9
[S1096Q]	552	524	607	6	3	2		1		17	2		2				1		532	1		736	5	7			
[A1076V]	855	919	1039	1	1	3				1		1	1			3			12	13	10	39	21	23	1		1
[G1097L]	941	888	1074			6			8												3	3	2	2			
[K1102E]	696	669	711	159	111	191	19	19	36	2		2	40	17	43	24	1	16	15	8	23	4	3	5	34	19	58
[L1081V]	909	925	1011	1	1	1								1						29	1	22	7	15			
[L1081H]	524	521	619	15	10	11	2	3	1	2			1		2		2	2	2	2	1	431	360	384	5	5	2
[F1084-]	843	963	1100																	1							
[A1076Q]	921	884	1085		3	2														1	5			1			
[R1100A]	562	716	716	5	8	6	1			1				1			3		7	6				869			
[G1088I]	890	932	1059	1	2	2					1																
[N1106W]	756	769	880	151	24	26	10	4	2			2	6			5	3	6	12	5	9	16	137	13	26	4	10
[T1077R]	551	576	642	6	18	14	3	5	4		2		3	1	2	2	1	1	10	19	16	300	305	380	1	5	4
[K1093I]	841	929	1070		1		1	1			1		1						2			1	6	2		1	1
[R1100G]	769	789	838	29	1					3			2		1				131	8	2	103	81	82	8	1	
[M1079T]	831	924	958	18	1	4							4					1	85	10	6			1			1
[M1079Q]	663	655	775					1								1			351	117	263		6				1
[K1092W]	860	935	1022	1	1	2			1			2									1	5				1	
[A1076Y]	879	909	1033			2														2				1			
[K1102-]	898	895	1018		3	2															2						
[A1087F]	870	943	982		2	1	3	1	1			1	1		1	1			1		4				1		
[I1104E]	702	726	827	23	34	22				1					3		5	6	6	6	6	1	435	2	5		
[I1104G]	718	722	845	19	6	1								1					4			76	376	39	1	1	
[T1095I]	740	887	940	1	4					1	3	2		1	1			1	1	3	28	1	188	2		1	1
[L1101D]	851	911	996	13										1		7		1	14		4	3			3		
[G1088W]	892	886	1012																	5	1		1			3	
[A1076E]	891	891	1010																2			2		1			
[L1101-]	862	917	1000																2	1							
[T1083P]	825	861	1061	1		8			3		2		1		3			1	2	4		1	1	1			1
[A1087-]	836	918	996			1															19						
[S1091H]	752	822	835	27	75	30		18					1	7		9	20	25	3	1	8	2	98	2	6	16	
[A1076H]	839	898	1013																					1			
[R1100M]	834	876	1015		2	3								1						10	7						1
[A1076G]	641	646	743	9	4	7	4	4	1	1	1	4				3	3	2	12	3	5	222	187	234	2	3	3
[S1096T]	546	588	611	69	87	66	3	2	16	3	1		12	6	7	2	8	19	3	4	6	224	211	174	24	11	38
[T1095A]	584	653	711	38	36	38	7	7	8	1			3			5		9	10	5		160	375	72	10	5	3
[P1099-]	821	914	959	3	6	1				2										25	1						
[A1090Y]	710	782	914	5	4	2		1			1		1				2	1	2	2	4	292	1	2	2		
[Q1078H]	674	680	880	8	2	7	1	1	1		5	3	2			1			11	7	10	146	126	158	1	2	
[E1103Q]	641	665	645	4	6	11	3	1	2	1	3			1	1	1	1	2	4	2		204	239	277	5	1	1
[A1087M]	808	899	988	1				1		2							1		2	3	7	1					
[S1091L]	721	766	776	77	109	75	9	21	13				7	5	4	8	25	24		3	9	6	4	4	3	37	3
[L1105K]	422	478	515	5	2	24	2	5	4			2	7	1	1	1		3	9	234	983		1		1		2
[R1100E]	805	859	1032									1								2	1						
[E1103G]	730	804	834	1	3				1					1	1			1	2			60	131	127			
[I1104W]	795	841	846	29	50	21	14	4	3					4	1	7	12	13	1			2	13	24	5	3	
[E1103K]	802	767	972	3	2	1	1								1					3	2	43	41	38		2	1
[F1084W]	824	860	971			2													1		9						
[K1092G]	473	597	584	63	418	109	8	47	24	1			9	18	16	1	51	84		7	7	15	8	4	20	85	17
[S1096W]	777	811	980			2													1		1	32	18	40			1
[K1093P]	751	742	857	62	50	71	4	4	4			5	13	1	3	4	6	9	10	10	1	9	1	4	18	10	10
[G1088C]	785	752	869	1	1	3			1									1	2	1	2	79	67	92		1	1
[N1082-]	783	843	1011	1															3					1			
[A1076R]	792	881	957												1						3					1	
[S1091E]	757	794	846	62	40	39	4	7	1	1			2	7	2	4	12	5		5	3	12	2	1	12	3	3
[K1092T]	765	787	871	11		5	1	1		2	1		1								12	47		106	1		
[M1079N]	811	852	915	1	10	3		1							1				7	2	5				1	1	
[F1084H]	808	864	922				1													6	1	1	4				
[Q1078G]	746	750	933						2	3	2	1		3	3				27	42	86	1					
[R1100L]	806	833	922		1	3			2			1			1	1	1		5	9	6			1			
[Q1078W]	769	802	963			2													9	13	30	1					
[K1092F]	632	725	739	1	14	5					1		1								1	178	273				2
[R1100Q]	777	838	931		2								1	1		1			9	2	5		1				
[E1103P]	822	846	891			5									1						2						
[K1093A]	695	656	796	5		4					3	3					1	1	2	1	1	6	291	97		3	1
[A1076P]	741	853	959	6															1	1		3	1		1		
[L1101N]	750	785	870	20	14		2	4			15		2	8	1	5	4	11	6	2	2	38	12	5	1	1	
[K1093F]	777	818	951	3																							
[K1092-]	753	837	920	3	3	2		3		1		2				1	2			3	5		1	13			
[A1090H]	620	643	729	6	7	8	2	2	1				2		2	1		4	6	1	3	2	503	1	3	3	
[T1095E]	707	723	850	12	13	2		1					1	1					3	7	9		104	110	1	3	
[E1103L]	793	815	928				1											1	1		1	1	2	2			
[R1100V]	807	782	932	2		4								1						1		5	3				
[M1079F]	527	479	586	180	99	173	45	43	12			4	27	7	29	31	22	39	8	4	15	26	4	39	70	28	38
[F1084C]	748	765	916	2	5						3		8	1						84	2					1	
[A1090W]	679	631	731	95	32	27	2	9	9				3	7	1	5	8	7	3	4	4	203	14	21	23	5	3
[G1097-]	753	786	947		4	4														5			1				
[R1100F]	769	783	842	4	6	1								1	1	1		1		1	2	12	2	65		1	1
[F1084P]	778	817	893			1						1			1					1							
[E1103Y]	747	819	891		1				1							1	1		5	1	4	2	13	3	1		
[G1097H]	737	839	897		2	1								1						7			2				
[T1095W]	565	612	685	6	14	16	1	1								1		6	1	4	3	421	10	124		9	2
[F1084K]	773	791	911	1		1								1					1				1				
[T1095G]	772	776	891			2							1	2			1		7		7	3		10		1	
[K1092C]	639	616	678	39	44	44	2	11	1	1		1	6	2	6	10	2	20				299	3		13	28	6
[K1092A]	689	797	799		5	1	1	2		1					1	1			3	3	1	6	154		1	2	
[M1079S]	799	778	858		1											1	1		14	5	3				1		
[L1101T]	804	750	875	1	2		2					2		1					3	1	7	1		3		1	
[T1080Y]	618	606	681	33	7	65	5	3	6				1	1	1	14	1	5	4	1	4	123	126	126	5	6	10
[R1100S]	751	817	843		2	5									1				3	13	10		2				1
[R1100N]	725	807	896		1														2	2	2		1	4		1	
[V1098D]	757	804	866	2	2				1													2					
[F1084A]	695	832	884	6		2													1	6	7						
[G1097I]	762	765	838	4						4									50	5	3	1					
[T1080F]	678	638	846	89	24	37	5	7	1	1	1		2	5	4	7	2	14	3	2	2	2	4	1	15	22	15
[G1097K]	768	800	852																	1		2					
[I1104P]	675	706	785		5	4															15		1	231			
[H1085W]	718	691	754		7	7					2			5			2		33	189	6		1	1			
[H1085L]	740	788	874		1														2	3	5						
[K1093-]	710	773	883	6	11	10		1	1		1							1	1		1	1	3	4		1	
[R1100I]	708	804	863						1	1							1		1	3	5	7	1	2			
[L1101A]	783	780	817	1	1	2			1		1								2	6	1					1	
[T1080M]	742	762	870			1					2	1							4	1		5		4	1		
[G1088V]	640	686	813	2	2	2			1										1			83	76	87			
[T1083-]	760	727	877			9			1						10												1
[E1103M]	761	759	850		1			1				1	1		1			3					2	2			1
[G1088R]	742	779	856	1									2		1				1								
[Q1078Y]	701	730	912		1	7	1			1	1	2		1	1	1	1	2	1	5	7				2	1	1
[F1084N]	759	769	849	1															1								
[R1100D]	731	774	853	1	1									1					1		2	1	1	7			
[K1102S]	501	638	625	13	222	115	1	20	32		5			18	9		32	40	4	17	8		2	1	4	37	28
[K1092D]	737	682	850			1	1	1	1					1					2	4	4	54	25	3		3	
[S1091C]	749	758	810	3	4	3	1		1	2	2		1	3	1	3		3			2	18		1	3		
[M1079-]	707	746	894	4		6							1						4						1		
[M1079K]	696	708	869		1			1										1	42	13	28						
[F1084I]	729	768	849			1	2					1	1	1				1			1	4		1			
[L1081Y]	739	759	842	1	2	1								2					1		3						
[M1079I]	691	664	810	2	4	1	2		2										3	21		49	46	52	1		1
[H1085V]	681	665	847	2	2			3							7				40	64	30			1			
[K1093V]	795	699	826	1	2		2		1	1	1	2			2	2							3				1
[L1081-]	683	764	869	1	1											2			1		4						
[S1091D]	705	680	826	4	1	4						1				1	1		4			3	83	5		1	
[L1105D]	638	672	679	11	19	3	1		1				3			1	3	2	101	51	103	7	3	11	3		4
[V1098T]	705	753	833					1			1								2	1		1	1		1	5	
[G1088M]	701	756	832	1															4	2	2					1	
[I1104R]	714	731	820	13	1														2	1		1		6			9
[E1103-]	736	744	808	8																							
[Q1078K]	584	631	725	3	2	2		3	1	2	1	2	1			1	2		22	24	40	82	57	102	1	2	1
[K1092H]	557	613	676	2	1	6			1					2	2			1	5	1	5	288	17	111		1	1
[H1085M]	567	652	652	35	138	12	3	31	3		5		2				2	45	4	1	1	7	76	50	1		
[V1098G]	669	733	767	4	6	6		1		1	2	1		1	1				1	1	1	2	81		2	1	1
[M1079H]	701	690	835	3															29	3	19						1
[A1087K]	720	741	814			2													2		1						
[T1080P]	716	703	837	1	4			1			1			2		1			2	1	5		1			1	
[L1105S]	603	641	642	56	98	75	8	15	9				3	4	2	15	4	29	5	8	2	11	18	1	5	16	2
[L1105H]	711	724	768	42	11		2	2		1		1				1		2	1							1	
[E1103F]	693	771	754		11			4				1	3	1				2	3	8	1					11	
[G1088D]	647	662	812	3												1		1	1		2	48	40	38			
[G1097E]	666	755	796																		6	9	7	7			
[G1088L]	685	744	815																								
[V1098H]	717	730	760	2	1	2				1	1		1	1				1	3	2	12		3	2		1	
[A1076-]	694	733	808																		3						
[H1085I]	535	576	707	20	18	33	1	6	1	16	42	51	18	5	23			1	42	31	102	2	1	1			
[K1093G]	679	692	846	1	1	1		1	1		1				1		2		1	1	2						
[K1093W]	654	740	830		1															1	2						
[M1079Y]	686	701	827						3							1				1	2						1
[G1097F]	661	759	797	1		1																	2	1			
[F1084Y]	682	682	852			1																					
[E1103A]	667	748	770	1																		13	7	10			
[G1097D]	641	676	733	1	2	3			1					1				1	1	2	1	65	43	36			
[R1100T]	678	718	799				1													2			1				
[K1093M]	626	645	725	1	1	1		1												1	2	72	54	68	1		1
[L1101H]	705	705	784			1															3						
[H1085F]	645	682	755	3	2	33	3	2				6	5		14				6	3	15						11
[T1077-]	665	727	784			2															4						
[L1101E]	647	701	815																			2	1	1			
[A1090D]	491	461	511	50	59	86	1	2	9			4	1	2	6	1	6	4	2	6	4	142	147	106	34	10	15
[H1085D]	699	697	751		2	3				1	1		2	1			1			1							
[L1081E]	672	696	787																		1						
[M1079A]	608	758	784																	1	1						
[M1079C]	689	656	797											1					1	4	1		1				
[F1086-]	596	725	810	3	2	1	1									4			4		2						1
[G1088T]	648	715	761	4		5	2						2						1	2		1		1			
[G1088P]	668	747	713			3															3						
[L1081G]	655	694	777			1														1	2						
[H1085K]	612	652	714	1	5	2					1		1							10	2	60	50	16		1	
[F1084E]	660	701	755		4									4							2					1	
[T1080L]	661	666	786		1			3				3	1	1					1	1		1		1			
[R1100C]	590	538	675	3	7	6	2		2		1		1	1			2	4		3	5	110	80	85	4	2	2
[T1080-]	642	719	759																								
[A1076S]	571	609	664	5	4	1	1	3	1	1		1	1	1		1	1		43	15	2	71	50	61	1	4	7
[A1076T]	544	579	653	6	5	7	1	3	1		1	1	1	2	1		1		22	59	35	66	58	65	1	3	3
[A1087H]	648	652	794	2	1		1				1		1				1		4	5	1			1			
[L1105P]	571	587	635	28		1			5			1	4						149	2	112			1	6		
[K1093Y]	677	635	731	1	1	1				1	1	6	1	1	3	5	1				1	12	6	2		1	2
[E1103R]	624	678	772																	6		3	4	1			
[T1095F]	465	466	586	1	3	1	2		2	1							1			4	4	2	531	8	1	4	1
[T1095D]	650	680	731	3		1													2	4	4		1	6		1	
[H1085G]	606	714	733	1	1														20								
[E1103S]	687	660	690	1	1	1		2									1					12	11	4			2
[L1081A]	623	682	754	5									2			4			1								
[L1105Q]	467	427	518	145	22	142	21	31	18	1	1	9	48	9	50	12	1	44	12	4	17	1		1	19	4	46
[G1097C]	620	591	701	1		1													1	1	1	55	47	43		1	
[Q1078F]	658	625	732		1							1							6	10	29						
[G1097W]	631	661	764	3		2														1							
[T1080V]	645	657	724		1						1					1			6	7	19						
[N1106A]	229	248	299	8	10		1	4					1		1	1		2	7	3	2	1202	42		1		
[K1093C]	621	669	749	2	1	2		1			1	1			1			2		1	2	1	1	2			
[H1085-]	630	669	753																								
[V1089I]	610	608	676	5	5	2		3	1	2	4	1	2		2			2	2	3		43	37	36	2	3	1
[S1091F]	587	639	689	10	20	48	7	3					3		3			2	1	2			11	12	1	3	1
[I1104Q]	567	683	659	5					1	1			1									90		30			
[K1092Y]	615	605	755											1		2	1		2	4	1	8	37	3			
[K1093T]	568	581	675	17	6	1	9		1	4	1		7	3		1		1	55			34	24	12	11	7	
[F1084L]	487	602	597	24	66	32		12	2	4	14	4	1	3		2	1	35	1		2	9	103	11		3	3
[L1101S]	621	661	689			1							2						2		2	5	8	5			
[T1095H]	615	645	707			1				1	2	1	2		1				6	2	5		4				
[G1097Y]	607	637	730	1	3																						
[G1097Q]	608	615	741	1	1	2	1	1	1			1		2				1		2							1
[H1085E]	580	638	745				1												1	2			2				
[A1076N]	592	649	722		2																		1	1			
[I1104S]	422	472	474	3			1	1		2			1						4			543	1	42			
[T1095K]	579	572	654	10		1	1				1			1	1			1				114	3	1		2	
[E1103I]	624	614	688	2		3						1			1						1	4					
[L1081K]	625	588	718			1												1			1						
[G1088H]	586	614	726																								
[G1088K]	587	632	692															3	1				8				
[L1101Q]	627	633	654														1		1				1	2			
[V1089M]	600	606	682		1		1			1				2							5		11			1	1
[T1095R]	586	663	647			1	1	1							2				4		1			5			
[M1079R]	604	594	690										1						8	3	10						
[G1088N]	557	643	700																		6	1	3				
[G1097V]	526	570	650	1	3	1										1		1	6	9	4	53	38	43			
[S1091N]	589	593	706	1	2		2	1		1			1	1				1			1				1	1	1
[N1082P]	611	570	709			2	1	1			1			1	1										1	1	2
[G1097N]	572	576	739				1							1				1			2	3					1
[G1097T]	575	637	674	1																1							
[T1077P]	514	553	667		2	3	1		1						1				4	2	5	39	29	62	1	1	
[L1101G]	601	599	667	1	1	1	2		1								1		1	2			2	4			
[A1087R]	571	599	703			1															1			1			
[L1101M]	534	615	704	3		2											1	1	3			4				1	
[L1101W]	570	616	649	1					1												1			1			
[F1084D]	567	586	682																								
[L1081D]	571	575	685																2								
[L1081S]	431	476	594		2	1				1		3	2	32	7		1		57	110	107				1		
[T1080I]	499	596	602	1	2	3		1	3							1		1	4	1	6	29	25	31		1	
[L1081P]	535	590	671		1																						
[G1088S]	549	576	631										17						1	19				2			
[A1087Y]	517	573	692		1													1		1	1				2		
[L1081T]	534	600	633											1							3						
[G1088Y]	535	584	640		1														1			1					
[L1081R]	513	585	653			1																					
[G1097S]	524	558	663	1		1				1										1	1	1			1		
[G1097R]	559	578	600			1								1	1				1	2	4			1			
[K1093L]	529	577	629																		5	2		4			1
[L1081Q]	513	562	658			1																4	2				
[G1088E]	506	572	659						1																		
[L1081N]	543	549	618	2		5							1				1	2		1	5						
[L1101P]	544	538	637		1																		1				
[R1100H]	467	495	546	1	3	2	1	1	1		1			2	1			1	1	3	6	64	59	60	1	1	1
[T1083D]	478	517	603	7	1		4	1	1	11	6	2	4	10	6	4	2	6	44	2					1	1	
[K1092P]	448	526	556			1													137	16	23	2					
[H1085C]	396	461	491	4	12	43		1	4		15	13	3	5	114			8	4	29	95		3	1			
[A1087W]	535	524	593		3			1		1			1	1					3	7	8						
[A1076F]	522	538	610																	3				1			
[R1100P]	525	497	634			7			1																		2
[M1079E]	524	516	600		1														1		4						
[S1091V]	435	495	592	30	30	16	2	1	4	1			1	1	1				4	3		6	7	2	5	7	
[S1096N]	482	501	588		3				1		1				2			2	1	2	31	5	7	7			1
[G1088Q]	531	524	559		1																1			1			
[N1106R]	501	498	589	1	2					2		2							4		1		1				1
[S1096E]	501	511	551	1	2				1							1						1	2	1			
[G1088F]	464	520	584			1																2					
[M1079V]	525	474	532	3		1								1		4			1	1	4	9	2	6	2		
[S1096Y]	467	474	515	2	3		1				1	1				1	2		2	9	1	35	17	33			
[T1080D]	469	509	525					3					1			2	3	2	5	8	5				1		
[A1076M]	458	494	567																1		3	1	2	3			
[L1101K]	437	514	542	1	3																	11	5	6			
[A1087N]	438	484	581		3	2						1									8				1		
[A1076L]	456	496	553			1															2		1	3			
[I1104H]	444	512	520	3		6			3						1								6				
[H1085P]	451	458	577	2									1										1				
[R1100K]	448	458	541		1	2		1				1	1							1	1		1				
[E1103T]	457	476	515		1																1		1	1			
[H1085N]	460	481	500			1			1	1			1	1		1			1		1						
[S1096H]	464	451	512						1	1	4	2	2	2	1				3			1		1			
[S1096D]	420	471	502				1	1		2	1			1				1		2	1	1	1	6			
[L1081W]	423	433	549																								
[M1079D]	433	433	530	1		1															4	1					
[A1076I]	358	445	473	3	4														30	60	9	4	4	2	1		
[E1103H]	459	444	454	1	1		1				1			1				2	6	16	1	1	2	1			
[F1084V]	429	453	497			2														1							
[M1079G]	434	422	519																								
[M1079W]	403	422	518							1	1		1	1					3		1			2		1	
[A1076W]	440	437	475																								
[L1101R]	394	402	446		3																	1					
[Q1078P]	391	385	429	2														1				5	10	7			
[A1076K]	357	388	451	3	1																						
[F1084G]	361	371	447	3																1	1						
[Q1078-]	315	343	376																	1			1				1