mutation	SC-Leu pre 5FOA_1	SC-Leu pre 5FOA_2	SC-Leu pre 5FOA_3	SC-Leu+5FOA_1	SC-Leu+5FOA_2	SC-Leu+5FOA_3	SC-Leu post 5FOA_1	SC-Leu post 5FOA_2	SC-Leu post 5FOA_3	SC-Leu+MPA_1	SC-Leu+MPA_2	SC-Leu+MPA_3	SC-Leu+15mM Mn_1	SC-Leu+15mM Mn_2	SC-Leu+15mM Mn_3	YPRaf_1	YPRaf_2	YPRaf_3	YPRafGal_1	YPRafGal_2	YPRafGal_3	SC-Lys_1	SC-Lys_2	SC-Lys_3	SC-Leu+Form_1	SC-Leu+Form_2	SC-Leu+Form_3
[WT]	1494620	1202637	1175013	2179892	1844416	2126113	2089751	1949938	2361997	2363843	2168413	2575002	1834773	2060920	2441928	2188155	2454371	2046181	763067	415841	1217621	1926498	1914010	2311635	2063860	2207150	1883185
[S713P]	150048	138448	141078	134149	155292	145958	61014	92407	73694	2271	4484	2784	33281	56452	40689	23523	39557	22628	41396	54331	18440	26635	172229	7393	24661	45635	27062
[T1077Q]	1191	1005	967	42	47	33	13	20	15		1	2	37	166	56	14	24	2	105603	182016	193497	1	3	6	1	1	25
[T1077C]	1702	1507	1633	558	666	687	187	447	325	17	20	28	548	1012	630	75	170	107	135781	145966	119523	11	41	23	6	15	25
[T1077N]	1130	1024	1040	237	450	253	96	224	99	48	26	18	150	324	170	34	68	24	79438	161538	70656	17	37	9	2	23	12
[T1077S]	1039	985	873	36	113	186	3	48	53	4	8	33	83	297	551		16	4	40091	70277	153634	4	15	1			11
[T1077H]	967	793	867		23	22								5	8	1			473	85212	84352		5				9
[M1079P]	1171	984	953	48	7	38			1				28	2	7				59142	6210	45018	3		2			6
[A1090-]	1474	1248	1253	1273	637	438	467	447	239	543	330	240	1397	1289	676	214	213	109	38632	22056	9726	65	50	23	8	15	5
[I1104N]	7155	5982	6401	5220	5753	5677	2147	3114	2653	71	133	103	1224	1948	1505	770	1501	814	1551	1811	706	759	6070	230	786	1365	781
[S1096-]	1148	1044	1056	922	437	788	374	337	553	277	126	344	755	508	846	198	160	187	26019	11131	18687	36	21	45	12	12	23
[T1080A]	952	856	911	46	206	169	13	52	29		16	18	30	300	199	8	13	11	5861	34346	18067	7	35	3	2	2	6
[V1094-]	983	889	793	207	387	74	118	192	11	45	88	7	351	932	69	34	49	2	23107	29540	3329	15	10	11	1	2	1
[N1082T]	1280	1166	1129	290	353	77	99	153	27	161	234	54	431	908	115	69	83	12	24319	23649	5612	18	32	6	1	21	3
[V1094H]	1687	1445	1597	297	370	647	98	267	364	85	164	163	305	875	966	42	115	146	11085	19740	17014	9	30	40		11	16
[N1082Q]	1173	1168	1133	325	564	501	152	423	337	311	508	300	318	849	673	65	173	154	10435	20075	12320	10	47	15	2	21	5
[V1094R]	1464	1374	1474	977	1192	894	456	759	807	345	407	372	955	1263	1193	261	304	247	13216	12824	9263	46	76	48	25	41	39
[T1083H]	1144	967	1048	88	74	48	8	18	8	1	3	1	324	180	73	2		4	26455	12847	4044	6	4	3		2	1
[P1099D]	1505	1449	1328	1011	865	405	531	685	162	102	101	66	1114	1183	398	161	161	45	19881	13410	2430	59	37	11	34	52	13
[S1091-]	1195	1021	1090	404	447	407	104	169	253	103	163	262	442	847	665	46	198	24	13144	14139	11634	19	38	28		7	8
[T1077L]	1077	905	866	15	33	7	7	20		1	2		11	46	8	1	1	2	12336	24359	5226	1	11	1		1	
[T1095-]	1120	945	1073	674	702	746	397	494	493	166	218	265	603	779	754	234	244	252	12745	11663	9969	28	44	25	15	29	18
[F1086Q]	1163	956	1081	896	1065	1494	442	732	938	430	740	870	788	1086	1610	321	603	420	8880	9863	9285	29	92	55	26	76	53
[V1094K]	1041	983	953	738	511	375	294	474	240	317	220	242	695	758	398	280	166	109	18095	11043	5943	28	31	10	8	14	3
[N1082E]	1252	1050	1097	725	986	812	525	621	619	309	376	328	586	677	643	245	318	299	12088	12903	7175	23	57	19	23	49	28
[N1082C]	871	791	739	244	446	266	83	326	130	336	471	223	334	926	407	82	205	52	10511	18791	6692	14	24	6		7	3
[S1091P]	1511	1372	1376	417	888	435	93	302	243	102	194	129	366	1139	520	44	121	44	8614	17083	6144	11	23	8	6	17	7
[P1099L]	2116	1987	2080	2000	1389	1302	933	1261	809	2150	1742	1456	2439	2015	1797	751	629	438	6343	4058	2046	76	90	59	106	162	106
[V1089Y]	1317	1298	1237	370	750	1001	148	429	481	280	756	836	635	1243	1495	67	205	242	5806	11889	9564	16	33	64	7	15	12
[F1086C]	1312	1198	1127	389	554	604	224	420	350	280	440	367	610	1344	1238	133	289	156	8413	11125	8370	16	42	15	6	23	4
[V1094T]	1378	1184	1294	1664	805	2256	1406	878	1728	650	324	754	1322	907	1834	503	382	593	8868	4432	5068	82	59	86	126	79	138
[V1089W]	1524	1433	1325	1080	1072	1013	631	557	420	415	405	400	1004	1161	1105	284	254	147	11929	8669	3678	33	67	42	26	38	30
[V1094C]	1412	1249	1188	2295	1206	1140	1374	908	776	887	506	505	1845	1069	1324	671	411	402	10345	5401	3008	87	90	52	150	128	96
[V1094Q]	1178	1058	1097	809	956	444	478	696	226	481	522	310	822	1177	607	230	373	101	10477	12077	3604	37	52	20	13	48	33
[K1102W]	1397	1276	1184	1285	1619	1124	658	857	997	52	67	44	473	631	499	284	420	284	10797	10072	3312	42	57	72	128	110	88
[P1099F]	1354	1327	1433	881	1540	1385	567	1382	806	514	1268	1073	863	1918	1483	235	838	578	4904	9357	3639	21	80	73	40	121	52
[V1098W]	1044	885	960	1391	541	363	761	321	497	151	52	42	948	495	461	273	191	121	16731	6228	3370	72	48	26	83	36	33
[P1099T]	1686	1442	1647	895	907	1710	430	717	1005	727	830	1164	920	1535	1622	200	297	326	5492	6527	5242	20	62	63	34	83	57
[Q1078M]	933	845	829	4	60	52		7			4	4		136	39	1		1	334	16272	15867	2	3	2		3	
[V1094F]	1174	1080	1100	664	498	577	240	361	340	176	234	213	837	894	795	120	130	155	11752	8789	4364	40	82	7	22	27	16
[T1095C]	1433	1310	1217	1074	1858	954	605	1195	524	414	842	415	633	1442	802	280	875	252	6288	8908	2725	25	108	30	108	287	57
[V1094G]	1630	1440	1427	1017	947	712	598	556	226	179	256	185	911	1156	1006	215	181	84	9883	8109	2660	40	102	27	33	36	20
[V1089Q]	1338	1242	1291	1631	1061	2103	1057	1251	1276	888	572	1127	2013	1639	2430	526	409	592	5039	2638	2599	63	76	86	192	141	159
[P1099Y]	1629	1424	1517	870	810	520	574	631	510	766	675	435	1145	940	646	256	308	212	8848	7488	2700	23	67	28	43	62	32
[N1082S]	1218	1093	1096	445	406	175	110	185	50	520	383	79	689	791	264	47	121	11	11711	10564	3111	22	23	5	1	8	2
[F1086A]	1455	1266	1199	220	291	202	80	156	41	79	128	151	336	506	523	34	67	20	6221	10367	9103	14	16	9	1	6	1
[P1099M]	1273	1187	1164	1240	1264	782	795	1263	458	1343	1513	844	1262	2000	880	522	543	170	5966	5401	1925	39	71	42	81	154	55
[A1087V]	922	646	725	63	72	92	6	43	19	21	12	17	100	238	211	1	10	2	10876	9388	8721	3	20	4	1	5	3
[V1094P]	1201	995	1129	597	175	383	352	33	247	89	54	79	494	234	441	187	17	60	16821	3511	4449	17	3	15	9	2	7
[K1102L]	1630	1456	1383	1351	1178	1091	727	934	960	114	105	73	478	587	463	391	352	172	7425	7148	1967	43	67	804	175	335	159
[P1099A]	1710	1577	1411	1584	2383	1109	1072	1927	968	418	786	369	1186	1931	1165	490	761	305	3727	4420	1205	60	131	51	194	363	113
[N1082M]	985	849	934	264	84	268	124	51	60	180	38	219	295	146	419	91	32	77	12559	3632	9724	9	4	12			1
[F1086K]	758	613	764	130	228	612	34	123	376	41	68	248	97	528	1120	17	90	208	3892	5572	14943	5	15	24	3	8	9
[S1091R]	1253	1020	1109	1218	934	1077	744	773	623	451	415	415	842	968	985	372	448	382	7452	5504	3158	46	43	41	72	66	71
[F1086S]	1460	1390	1278	462	863	484	229	622	327	118	272	84	354	1067	575	112	354	127	5277	10097	3506	24	47	962	70	138	133
[K1092I]	1411	1245	1312	991	1394	1684	699	1246	841	218	492	292	446	1182	640	421	640	348	3761	6628	2621	65	85	52	86	327	136
[V1089A]	1249	1235	1138	506	1091	735	433	918	367	348	1024	822	653	1952	1226	124	574	229	3405	7746	3179	17	91	38	21	65	20
[V1089F]	1562	1469	1509	1100	1726	1092	551	1445	732	589	1004	679	868	2403	959	234	593	381	3082	5205	1295	49	118	42	53	217	58
[P1099W]	1174	1019	1172	188	632	284	92	435	89	208	552	189	260	1110	295	16	242	48	4217	12915	3666	10	41	18	5	30	14
[P1099V]	1334	1162	1128	802	1345	527	474	1183	347	660	1452	558	605	2391	775	295	675	115	3282	7422	1606	24	80	39	47	106	17
[V1094W]	1003	841	736	155	716	71	20	378	36	40	160	14	209	1187	175	13	126	4	3818	16594	1638	6	25	6		14	1
[Q1078T]	1082	941	962	138	82	197	77	27	115	47	19	139	152	226	678	23	26	27	7921	3403	11484	10	3	17			4
[F1086R]	1023	716	838	435	239	161	198	141	37	111	102	33	554	342	185	151	55	24	14579	5133	1897	8	16	4	3	4	1
[V1094D]	1205	1133	1044	267	685	444	99	334	222	18	157	115	171	772	500	45	138	63	2698	13215	3247	33	208	15	17	41	26
[F1086Y]	1341	1255	1210	1621	2494	2165	857	1646	1457	69	151	109	526	1012	747	311	812	491	481	723	352	55	115	4449	356	670	495
[K1102M]	1734	1560	1571	1797	1403	1405	561	882	614	46	36	19	377	668	333	312	480	274	4673	4670	1386	100	85	55	218	269	169
[V1098R]	908	815	837	113	301	276	25	166	150	4	12	30	43	276	228	26	129	22	2797	9395	8737		29	5	3	6	3
[V1094E]	927	741	917	210	189	199	51	112	39	202	112	57	400	245	287	40	31	33	9479	5068	5673	9	11	8	1	1	3
[P1099K]	1573	1470	1305	1965	1927	871	1078	1880	653	448	618	181	1315	2294	776	641	970	138	1670	1730	390	66	101	26	278	565	109
[K1092R]	1639	1592	1570	929	2330	1993	707	1878	1716	71	424	212	414	1546	1007	326	1030	416	799	1554	730	42	384	89	221	766	427
[G1097P]	1115	930	1036	15	31	50	9	10	19				3	17	20			7	5978	7804	7682		8	1			2
[V1089N]	1142	1121	1200	808	1148	1872	526	768	1408	318	573	903	630	1118	1997	162	520	641	1920	2698	2495	41	72	57	72	155	143
[N1106Y]	1456	1496	1242	2312	2288	751	1388	1736	575	188	300	96	1027	1369	430	693	835	362	1950	1791	342	102	161	44	570	763	233
[K1102F]	1302	1145	1176	1198	758	971	554	565	741	13	7	12	286	259	372	223	161	178	7707	4610	1597	43	23	33	79	92	97
[V1089G]	1213	959	1075	308	169	293	111	70	145	174	67	252	480	247	598	33	28	32	7516	2784	7398	18	47	23	3	6	11
[N1082R]	907	847	924	478	618	530	219	582	427	207	445	370	300	604	485	154	322	120	4893	7002	3177	15	33	14	9	25	12
[F1086I]	985	834	899	281	400	488	95	173	204	78	301	257	352	660	845	37	113	85	4683	5809	5779	15	23	22	5	8	
[P1099N]	1670	1491	1580	901	2071	2269	412	1223	1035	113	221	300	508	1549	1524	160	572	402	1033	2177	771	26	123	78	59	241	202
[P1099E]	1172	1054	1115	406	961	578	337	688	429	292	535	227	504	1194	802	94	203	73	3670	6409	1627	15	70	37	18	81	33
[F1086N]	835	718	673	591	502	332	253	305	187	402	315	221	921	903	527	109	103	41	7573	4864	2066	26	27	21	8	5	7
[V1089T]	1727	1488	1373	1317	1092	881	691	890	434	488	482	353	1012	1401	822	302	398	122	3099	2753	832	49	56	39	100	150	46
[V1098Y]	2143	1961	2043	1080	1177	980	497	853	409	83	82	85	725	899	713	190	233	155	3332	3057	1337	44	53	36	41	62	86
[H1085Q]	1595	1155	1231	230	248	176	61	113	67	8	12	21	132	363	151	22	58	31	6660	7716	1924	26	120	7	13	28	12
[K1102Y]	1437	1490	1517	894	1875	905	276	981	627	2	17	5	255	500	280	58	346	184	3039	5897	999	22	69	41	67	228	76
[A1090K]	928	892	986	688	549	847	403	464	679	412	391	649	878	694	1051	256	195	169	4892	3037	2654	30	37	30	49	88	50
[T1080Q]	688	605	583	97	403	116	32	184	62	48	143	83	106	610	191	35	136	20	3605	9970	4046	13	18	5	2	7	6
[Q1078S]	1632	1387	1372	66	56	26	6	20	9	10	16	2	384	370	51	4	6	4	8206	6280	1878	8	6				
[V1089H]	1096	1029	964	368	391	132	126	240	65	259	370	145	350	982	275	84	60	87	5692	7416	1590	14	50	4	1	4	2
[S1091W]	1196	1099	1180	392	315	444	126	167	304	268	280	271	426	463	557	88	107	55	5980	4213	3735	5	33	14	13	17	11
[A1090R]	1102	1083	924	949	533	231	436	449	162	833	511	388	1141	835	459	257	182	80	6328	3321	1154	47	45	20	34	16	10
[S1091A]	1105	940	1122	1489	939	2459	810	819	1644	194	174	299	637	562	1353	457	277	695	1983	1231	1224	54	30	80	250	201	445
[F1086T]	1263	1008	1022	1692	834	630	865	639	295	354	274	140	899	613	379	570	334	161	5501	2607	825	57	39	30	162	158	44
[V1094M]	1298	1228	1231	1505	2159	1024	636	1884	879	109	294	111	442	2467	495	441	682	190	1218	1499	329	47	110	30	288	549	162
[V1094S]	1438	1259	1386	610	1796	826	294	1407	658	79	303	175	422	1496	778	128	549	232	1714	4263	956	16	84	61	57	241	67
[S1096G]	1136	1028	1094	1490	986	1412	954	575	921	226	221	263	757	603	892	376	298	262	3332	2160	1374	52	60	58	116	178	140
[V1089E]	1616	1300	1361	1604	1795	847	1082	1168	397	150	209	101	856	1379	583	350	459	134	2051	2222	455	58	76	41	209	341	115
[V1089L]	1625	1497	1415	1057	1645	1848	566	1507	1169	106	208	169	537	1207	831	198	609	356	936	1677	494	27	122	53	168	488	262
[P1099S]	1062	1203	990	260	1991	364	236	1326	456	71	427	90	245	1886	449	118	438	132	864	7193	348	18	91	24	43	366	64
[A1090Q]	1627	1378	1304	1817	1850	1136	922	1216	614	131	177	105	843	1072	463	347	562	256	1802	1684	351	57	75	70	288	380	137
[S1091K]	1084	937	1049	722	620	1158	420	595	988	122	259	371	496	686	1111	281	207	550	3182	2763	2536	24	41	61	46	121	127
[V1094Y]	1028	921	870	136	299	99	42	115	38	44	100	48	252	600	71	12	84	3	4372	8522	2670	1	33	5	2	3	3
[K1093N]	1573	1493	1538	1440	1739	2524	663	998	1182	36	90	76	416	825	852	280	408	396	730	791	550	69	208	67	273	431	450
[K1093E]	1526	1472	1318	1813	1803	1320	1093	1354	776	58	128	49	680	778	602	281	560	294	1317	1275	362	49	78	47	282	358	231
[L1101Y]	1395	1368	1282	863	1314	307	462	913	158	70	123	28	745	1004	293	186	301	11	3616	4551	436	40	80	9	32	69	5
[S1091T]	1591	1400	1527	738	1995	1657	690	1317	987	108	241	156	342	1026	767	191	581	282	681	1672	650	29	105	58	116	532	186
[P1099I]	1110	968	961	707	727	522	644	598	414	866	1000	474	790	1250	547	319	270	111	3443	2321	1130	22	47	38	47	59	25
[S1096P]	1206	1013	1119	240	479	325	62	246	188	4	25	43	230	524	360	16	139	73	3638	6965	2393	8	21	10	2	14	7
[P1099Q]	1280	1253	1296	929	1293	1854	443	858	942	123	290	356	647	1273	1442	241	266	420	931	1205	789	34	101	60	159	317	242
[V1089D]	1522	1372	1385	1765	1195	1529	767	883	875	78	52	82	807	805	872	237	243	356	1508	1216	428	65	79	48	201	266	250
[A1090S]	1527	1279	1321	2967	1132	1024	1461	834	727	132	66	38	939	532	432	826	393	112	1052	431	180	217	109	46	485	413	192
[T1077V]	747	711	702	168	222	128	50	93	17		1		55	117	34	3	10		5460	8814	1415	7	18	8	2	8	2
[N1106F]	977	978	1074	378	1096	2146	296	1154	1746	56	193	412	159	879	1269	141	618	685	490	1567	1091	32	61	82	102	389	444
[F1086W]	1173	1065	1236	667	973	941	384	723	639	269	435	458	368	928	1027	241	625	353	1615	2362	1306	22	47	41	62	110	92
[F1086V]	1032	879	911	201	145	171	91	127	78	76	71	40	253	371	343	21	64	38	5651	4198	3291	6	9	5	1	3	
[K1102A]	1543	1381	1420	1164	1825	1239	265	1131	606	1	23	8	139	601	253	180	388	81	1683	2959	438	35	67	44	102	310	104
[A1090N]	1511	1491	1544	1271	1431	1702	768	984	1024	59	62	81	400	666	594	321	428	421	727	747	323	57	53	54	282	449	336
[V1098L]	1075	956	1002	949	809	942	450	799	810	88	139	88	435	905	381	168	277	129	2465	2773	1078	40	57	36	134	246	118
[V1094A]	1121	1122	1199	717	1135	1067	413	909	772	110	229	187	370	837	672	162	281	178	1648	2685	1020	36	72	45	52	140	95
[A1087I]	1000	898	881	36	130	117	4	85	37	6	37	55	33	192	243		50	22	1931	7795	3580	5	14	12			3
[V1094N]	819	854	844	548	396	787	248	310	471	135	141	219	437	524	810	145	113	265	3232	2794	2655	16	21	29	9	22	36
[I1104L]	1831	1850	1565	1250	2030	1443	361	1408	789	6	37	34	290	892	430	218	439	157	300	479	137	31	100	72	108	412	203
[V1098K]	1408	1268	1217	104	214	259	15	75	57				28	75	71	4	22	14	2744	4320	4933	5	10	13	2	1	2
[F1086E]	805	611	697	128	164	200	66	76	92	54	104	110	327	385	326	18	24	32	4191	5185	3211	12	12	10		2	3
[F1086H]	1204	1011	1099	1208	675	1237	628	583	941	185	144	242	676	709	890	217	222	222	2000	1358	670	35	40	45	152	136	201
[K1102D]	1418	1368	1221	1108	975	450	354	480	186	3	5	4	181	283	83	112	98	33	4451	3258	337	27	34	19	67	127	34
[N1106W]	1334	1194	1154	1535	1408	861	764	1121	400	70	84	21	1227	692	475	466	543	185	968	639	143	57	52	39	421	620	225
[K1102C]	1610	1479	1431	1651	1162	977	778	501	471	4	4	2	318	357	261	293	235	59	2543	1315	327	51	53	48	165	171	89
[V1098F]	1598	1454	1343	1890	1121	1044	870	661	452	37	25	22	764	703	434	416	347	172	928	548	267	68	48	40	483	385	231
[T1080H]	1528	1333	1374	17	7	25	2		2	1	2	6	22	6	38		2	2	5320	2422	3932	2	3	3		1	1
[P1099C]	1084	856	1034	804	759	955	326	435	544	312	273	426	578	706	910	271	295	160	2089	1554	1290	24	49	60	56	119	69
[F1086P]	1396	1347	1373	216	241	306	122	182	240	113	155	229	184	336	482	75	111	112	2091	2910	3698	13	26	32	6	20	21
[S1091G]	853	714	759	54	85	17	7	7	7	4	22	11	59	225	114	3	7	1	3884	7060	2052	9	10	2	3	1	1
[S1091E]	1315	1312	1142	1717	1606	875	891	1080	359	65	80	33	523	824	382	295	354	107	807	795	142	65	95	14	294	543	127
[L1101V]	1129	1032	983	1266	1382	1135	767	1096	671	120	194	102	435	919	461	424	591	357	831	724	316	45	57	41	173	231	121
[K1093P]	1260	1185	1209	1265	1130	1984	655	689	1263	64	60	82	323	619	680	261	266	281	537	580	245	30	31	84	178	336	232
[T1077I]	634	583	626	56	101	261	8	11	40	1	1		6	29	44		3		3303	5506	4283	1	3	5			6
[P1099H]	1326	1200	1250	885	784	1361	430	589	730	138	180	213	576	839	1097	214	246	334	1113	827	549	51	30	54	122	151	171
[K1092V]	1322	1314	1204	1261	1332	1250	684	930	723	25	44	44	341	611	418	252	403	181	771	963	262	28	57	35	268	390	272
[A1090C]	1430	1356	1386	1334	1565	1563	618	895	810	16	13	15	343	587	491	279	356	212	308	483	100	31	53	35	211	438	296
[T1095M]	1397	1346	1314	877	1264	1179	521	860	892	54	101	59	355	828	385	309	414	129	767	991	295	25	75	23	143	410	208
[K1092M]	1599	1471	1717	677	1347	2542	272	652	1192	3	20	25	191	385	569	42	413	314	182	472	183	28	43	48	113	272	375
[N1106D]	1072	987	887	771	1511	375	557	1118	276	87	215	33	246	633	172	200	420	111	1893	2718	221	61	124	17	142	218	69
[L1105M]	1170	1112	1051	1382	2367	721	619	1122	340	26	49	25	279	947	205	167	548	126	535	824	86	54	185	40	203	602	131
[V1094L]	1121	1038	1180	593	1184	600	249	980	267	107	378	148	194	1113	318	82	376	145	1220	2542	513	26	190	22	49	193	35
[N1106H]	1617	1425	1353	888	1780	670	481	1275	380	19	72	22	319	694	267	172	552	96	563	700	51	48	143	34	235	741	138
[K1102T]	1275	1124	1097	664	1130	908	374	567	439	9	15	10	184	406	199	124	272	102	1697	3088	499	19	50	181	39	133	54
[K1102N]	1912	1771	1661	736	972	908	327	512	436	3	5	171	171	360	285	66	166	95	1205	1935	348	30	107	71	39	121	130
[K1102I]	1550	1313	1511	1296	577	967	572	274	495	6	45	14	298	171	172	200	164	124	2947	888	425	46	18	37	165	80	110
[N1106I]	1596	1505	1482	1091	2077	856	412	1065	470	25	39	10	352	717	279	250	321	56	358	579	78	58	151	22	122	375	87
[N1106L]	1614	1387	1602	1061	1113	1914	481	672	829	12	10	21	266	399	495	177	218	324	285	256	181	27	49	50	180	340	398
[V1089R]	1501	1384	1358	33	130	135	6	27	9	6	25	36	126	156	66	1	7		1767	3277	4230	2	8	4			
[P1099R]	1443	1251	1270	1535	832	960	566	666	457	89	110	43	705	830	600	321	187	283	639	437	248	57	51	29	212	279	150
[K1102R]	1293	1181	1175	1188	1538	600	475	1118	138	19	29	10	307	513	234	165	472	91	2387	318	65	50	50	31	186	422	110
[N1106G]	1139	983	1039	1122	836	868	600	503	746	8	6	8	306	255	345	104	265	135	373	302	111	3459	36	31	165	212	159
[T1095P]	997	871	849	55	31	47	16	16	6		2		2	8	3	7	5	2	4131	4635	2383	3	5	2	4	11	1
[K1093Q]	1324	1240	1232	738	1720	1506	312	958	745	27	31	29	214	735	429	160	706	218	202	392	130	20	50	31	131	494	317
[K1093D]	918	955	1104	316	632	2580	128	358	1819	7	36	146	173	358	1548	59	137	404	323	655	972	17	34	93	20	87	202
[K1102V]	1069	1033	1129	1045	816	1576	440	521	896	3	11	15	284	219	408	73	196	209	1728	1186	466	39	20	58	150	170	196
[N1106C]	1531	1246	1353	1586	1068	1524	681	649	716	18	36	9	407	414	387	228	214	247	301	221	129	45	39	35	315	293	252
[V1098P]	1327	1036	1173	790	434	832	299	338	261	23	9	15	770	406	674	192	147	139	2933	1236	728	24	26	36	16	5	21
[A1090V]	1438	1363	1400	1322	1279	1471	586	693	647	26	36	25	360	412	304	256	254	156	405	443	126	42	73	34	232	272	184
[T1095N]	1527	1377	1485	1010	1925	958	444	1085	323	16	42	17	261	596	244	141	411	100	248	446	104	25	85	20	178	526	188
[A1090G]	1417	1321	1279	1453	1574	803	682	788	465	30	27	10	275	458	249	248	472	148	572	437	147	37	71	22	158	448	128
[S1091Y]	790	672	783	273	334	1362	161	222	944	79	183	512	398	437	1544	108	127	520	1092	922	1877	19	18	65	22	66	166
[S1091L]	1291	1014	1148	1646	714	1234	812	385	578	15	21	25	388	261	452	353	191	335	1148	453	351	43	53	21	191	180	215
[F1086M]	1084	887	1017	1099	305	1339	656	186	750	132	47	184	581	192	1054	314	99	309	1669	479	605	49	19	38	137	70	166
[K1102H]	1313	1238	1223	595	896	970	211	467	294	1	11	1	143	319	306	53	177	72	1739	2475	582	20	57	29	31	106	58
[K1102E]	1040	966	885	397	526	81	185	292	76	5	8	4	106	219	36	65	95	24	3854	4057	391	11	26		9	12	1
[V1098I]	1250	1154	1060	816	1570	807	515	1038	265	16	32	12	298	660	239	189	336	196	1172	650	138	31	64	32	182	393	101
[N1106V]	1150	1042	1182	449	783	1193	200	466	691	4	24	23	148	273	245	50	245	204	850	3312	110	46	38	43	61	211	141
[A1090W]	1069	1032	1072	1245	1344	1134	428	692	556	22	65	36	345	692	391	207	431	174	573	520	138	39	71	29	229	391	170
[T1083S]	1719	1585	1600	1033	767	951	440	433	360	16	487	14	306	747	403	198	247	134	389	527	171	45	45	40	98	183	63
[N1106E]	965	1047	873	576	1642	622	280	1132	652	63	125	86	144	530	410	146	539	186	493	1333	228	21	72	23	155	419	172
[P1099G]	989	982	981	358	1144	1063	138	847	590	33	148	76	154	999	698	70	337	118	584	1613	505	10	56	35	26	223	121
[A1090T]	1153	1022	1005	1178	1737	601	526	1232	312	33	61	12	355	795	183	238	364	43	390	429	59	51	96	21	204	612	102
[T1077M]	1193	1134	1134	282	462	363	110	219	132	10	4	9	280	384	303	33	69	43	2143	3562	562	15	22	18	30	31	24
[T1083N]	1011	918	962	68	113	272	26	42	120	37	53	123	116	325	465	4	37	69	2991	1735	2865	8	8	8		1	1
[V1098M]	1764	1702	1649	679	1079	1320	219	438	590	2	4	5	152	401	403	76	129	116	216	468	177	30	58	33	83	247	144
[S1096R]	1064	832	1008	1514	1009	768	527	657	520	39	44	27	361	456	275	278	249	158	745	767	132	29	38	35	214	325	106
[A1090M]	1532	1302	1512	356	1437	1511	119	682	733	5	21	15	66	431	470	45	252	234	106	339	156	20	54	45	62	312	312
[L1105V]	1621	1421	1542	1231	826	1652	426	305	510	3	6	8	260	262	433	173	154	155	293	235	180	53	23	56	96	61	132
[A1090I]	1246	1084	1015	962	1093	1059	360	677	622	32	55	18	328	531	321	172	255	170	766	552	147	28	65	38	112	303	103
[K1093R]	1233	1017	1092	908	943	603	513	824	365	92	104	63	440	512	212	243	291	104	807	763	206	31	55	39	195	277	89
[V1098Q]	1433	1189	1153	549	511	629	178	310	358	63	28	13	364	474	500	77	155	45	1502	1420	654	19	22	17	43	38	27
[N1106T]	1135	1016	1099	1007	1143	1010	413	688	554	16	10	22	233	372	340	151	328	207	435	290	165	22	63	48	173	403	313
[L1101I]	1330	1228	1312	957	891	1415	459	437	656	8	12	6	356	310	386	182	174	222	269	215	131	45	39	41	124	231	203
[K1092L]	1132	1088	1076	352	1185	1109	107	973	771	6	68	33	124	456	294	103	375	211	563	602	236	19	71	36	27	316	236
[A1090Y]	1438	1350	1391	1684	874	963	544	326	183	6	5	1	259	175	136	265	100	76	1000	135	77	45	25	34	202	105	76
[N1082K]	757	684	724	39	36	43	6	9	23	16	1	11	38	51	74	2	4	3	4622	1465	2825	3	19	1	2	2	2
[A1090H]	1057	989	1065	889	1065	1481	323	588	527	10	15	13	196	406	411	109	395	283	331	375	167	27	44	41	156	325	174
[A1090P]	1360	1226	1185	157	99	116	10	14	43	8	4		18	13	10	16	6	11	2591	2570	1928	8	12	12		1	5
[A1090L]	1382	1258	1355	1070	941	1105	471	406	621	9	11	11	189	625	243	92	183	139	268	264	103	39	26	41	152	202	161
[V1089S]	1059	847	868	499	291	376	175	234	335	371	213	292	621	411	596	176	116	118	1756	1023	667	19	30	28	45	24	35
[S1091V]	722	738	769	865	1123	1425	523	806	694	15	28	26	179	554	447	120	401	141	248	330	175	22	46	54	173	310	246
[K1092G]	1007	867	832	1566	717	1125	537	471	428	16	22	21	355	337	424	217	185	134	739	401	196	35	34	26	162	145	138
[M1079F]	718	698	776	146	1161	924	67	529	739	1	17	8	21	494	355	19	213	211	379	2347	887	6	45	20	6	138	71
[A1090E]	1534	1548	1291	509	1540	634	173	825	181	1	6	5	124	440	119	64	337	113	159	589	145	31	43	16	58	353	87
[V1089C]	1112	960	1021	619	1279	1152	316	733	660	13	25	16	215	519	317	161	245	202	198	241	212	32	32	44	81	299	179
[F1084S]	1235	1089	1081	21	213	61	5	58	7				7	165	53				758	5550	507		55	4		3	1
[K1102Q]	1169	1001	1027	285	440	397	95	406	126	10	13	12	86	206	117	20	108	36	1835	2438	695	6	24	6	24	41	14
[I1104V]	1223	1069	1182	1284	675	1185	346	525	565	14	11	27	234	334	391	199	145	62	200	118	86	32	39	47	135	189	211
[F1084H]	1298	1113	1115	27	37	53	6	3	2	1				1	1				120	193	113	938	4774	397	1		1
[G1088A]	1961	1698	1757	479	578	551	219	287	282	7	15	10	113	203	150	68	163	82	181	180	65	94	609	31	90	149	86
[N1106-]	1478	1224	1348	869	1144	678	283	587	229	10	20	13	225	619	232	132	269	120	131	130	43	12	51	30	28	124	40
[K1093S]	1353	1285	1322	882	1167	782	352	580	289	5	13	4	172	335	143	90	205	74	121	171	80	30	34	27	106	233	81
[T1095S]	1341	1169	1140	1374	637	453	561	442	266	4	7	6	324	223	141	256	136	53	541	182	139	49	24	21	223	94	75
[S1096K]	1551	1249	1272	802	663	660	208	340	297			1	138	183	196	114	155	53	209	187	45	19	30	1093	96	119	79
[T1095A]	1227	979	1110	1174	678	599	534	546	211	17	14	6	351	358	202	173	141	54	504	350	94	45	32	10	136	146	59
[N1106M]	1097	1055	949	517	1161	928	260	623	391	8	4	8	186	383	206	59	295	136	130	273	98	12	45	23	96	416	220
[K1092C]	1087	902	945	1129	959	578	470	490	339	4	11	10	245	321	215	199	142	72	472	327	134	32	33	19	136	200	63
[A1090D]	778	807	716	965	809	949	462	430	373	17	13	15	293	230	208	122	137	97	747	627	196	35	59	13	152	139	143
[T1095Q]	1203	1020	1108	1205	617	734	335	304	288	5	59	2	136	169	103	239	202	15	187	1008	40	20	18	33	117	259	54
[M1079L]	958	885	911	427	1152	621	206	720	254	4	24	5	113	464	203	65	258	158	227	802	263	18	84	17	77	359	93
[S1091M]	1207	1150	1137	837	997	964	204	402	258	1	7	5	126	314	218	122	125	109	218	235	113	22	42	35	128	271	81
[S1091H]	1267	1144	1171	439	841	825	209	603	460	8	30	27	136	422	217	91	242	167	95	190	52	12	34	29	80	341	173
[L1105T]	1357	1194	1211	789	1021	658	258	508	278	3	12	5	256	311	223	53	280	78	220	286	105	20	42	31	9	30	3
[T1080F]	1155	998	1166	390	320	1003	124	177	628	2	3	4	124	140	502	47	79	190	761	696	550	12	23	37	19	29	60
[L1081M]	843	675	673	82	6	40	9		16	2		8	164	28	129	4		5	3571	779	2104	1	3	4	1		1
[T1080N]	807	735	625	28	39	19	5	8	7	5	2	2	35	20	51	2	4	4	2380	3130	1149	9	6	1	2	7	3
[S1096A]	825	743	787	799	668	940	297	367	406	8	13	9	194	201	237	152	147	93	1336	206	84	27	36	36	91	238	113
[T1095L]	876	833	928	225	834	1329	99	514	664	6	42	41	55	333	348	57	225	295	199	294	257	7	34	22	28	172	284
[T1083V]	869	742	789	98	70	134	5	36	76	35	24	91	95	224	353	4	19	10	1767	1703	1808	5	11	1	6	2	4
[I1104C]	1315	1077	1234	1130	193	1326	376	125	526	10	1	9	303	75	168	149	38	145	269	59	71	23	3	22	146	45	124
[A1090F]	1296	1076	1133	630	914	854	179	404	327	12	2	1	138	240	204	130	235	111	283	219	108	13	35	32	57	163	123
[S1096C]	1210	1119	1142	1286	628	619	521	244	238	7	8	3	253	143	129	190	75	44	268	143	89	39	34	19	198	165	75
[K1102S]	852	766	851	499	667	494	187	391	261	4	10	8	104	234	209	54	100	37	888	1343	389	20	41	13	37	72	35
[L1105I]	1066	1148	998	803	1113	454	215	493	241	8	9		173	340	85	155	240	25	119	253	44	32	31	20	96	229	61
[S1091F]	1120	852	924	1256	277	457	864	122	356	34	15	13	433	49	130	367	43	58	440	53	25	33	15	13	232	36	73
[S1096L]	942	792	921	734	605	1275	286	162	554	12	7	7	123	98	311	123	105	219	137	57	65	40	18	37	145	189	215
[V1094I]	877	829	969	441	820	776	155	511	223	18	40	27	147	442	246	164	318	100	179	223	41	18	42	23	85	309	122
[K1092F]	1155	1180	1055	403	1305	577	131	465	205		7	1	66	338	134	61	264	39	61	175	38	11	25	10	61	263	42
[S1091I]	1512	1258	1303	1131	514	528	276	156	102	4		1	118	79	105	139	83	27	244	64	48	26	18	18	117	104	45
[T1095W]	959	858	897	1049	574	700	296	167	175	2	3	5	311	250	184	186	37	100	470	237	93	40	25	21	171	105	55
[T1083A]	976	859	894	377	733	389	100	361	444	25	84	43	232	685	399	80	195	14	305	508	118	17	25	11	13	49	19
[V1098C]	1252	1050	1050	606	499	471	108	152	105	15	14	18	281	348	332	69	75	35	639	399	144	22	32	9	13	26	30
[S1091Q]	1638	1519	1489	578	563	662	140	147	175	1	2	1	67	78	100	33	127	71	92	76	31	16	17	9	44	75	37
[V1089-]	1447	1301	1175	21	66	22	5	5		4	9	8	31	26		2	1	6	1843	1210	521	1	5				1
[F1084M]	1305	1145	1119	44	236	169	24	104	35	9	50	47	204	227	342	7	23	7	448	1413	632	5	16	7		4	
[S1091D]	1163	1128	1063	443	1069	361	173	396	101	4	5		97	286	97	61	77	26	453	169	37	17	31	3	54	145	37
[L1105A]	1423	1228	1413	626	489	420	158	131	87	3	1	1	280	229	219	86	86	35	216	148	47	15	35	13	4	4	2
[T1095V]	1136	933	955	1101	563	360	437	239	68	4	8	1	271	156	71	121	146	31	220	107	22	44	17	24	157	135	56
[K1092T]	1363	1179	1273	432	503	586	289	148	378	73	1	2	147	106	162	70	30	57	79	70	23	18	22	14	240	36	61
[T1095Y]	1409	1275	1303	337	675	607	82	212	285	2	1	20	35	115	127	63	90	59	81	178	85	11	19	27	36	86	61
[T1080S]	1149	994	935	43	33	65	11	26	14	4	1	2	9	26	20	6	9	5	1627	979	1193	4	42	3	7	7	14
[N1082D]	906	775	884	813	312	669	254	139	390	15	7	14	363	155	319	92	23	38	448	229	121	15	18	32	56	38	88
[K1092N]	1208	1048	1055	882	341	409	239	111	129	6	9	4	212	103	49	165	91	67	550	145	57	25	24	24	50	42	37
[H1085Y]	1025	912	894	41	67	33	3	17	8	9	17	10	150	86	124				1420	1142	1112	6	3				
[T1080Y]	969	879	906	429	289	454	98	122	242				85	134	150	25	120	96	1013	593	326	21	5	13	11	16	23
[F1086L]	1285	1045	1103	782	659	431	219	252	124			3	108	149	63	91	74	39	139	81	20	22	20	14	101	98	64
[N1106S]	789	803	720	440	777	629	124	374	201	2	17	9	108	258	218	52	261	70	176	373	33	7	39	16	88	235	153
[F1084G]	874	741	729	50	41	88	2	2	62	26	7	12	42	27	209				1385	1343	1264	3	1	2			
[T1095I]	1448	1271	1273	492	562	569	154	141	113	3	3	2	75	69	76	52	72	61	64	58	20	7	13	4	39	105	56
[K1092H]	1038	929	979	298	491	631	22	224	323		2	105	106	88	364	54	111	235	66	128	75	4	14	22	29	93	300
[K1102G]	1660	1417	1656	258	289	339	60	52	63				26	52	40	11	41	12	273	398	41	3	6	5	3	12	9
[T1077Y]	1011	914	953	2	1								5	4					2711	1025	83	1	3				1
[L1105F]	1147	1113	969	449	651	430	169	301	149	2	3	2	93	116	116	24	119	71	120	220	66	22	80	19	53	118	71
[F1084T]	1119	987	966	28	96	75		22	2		2	2	10	63	30		6	5	772	1894	520	3	22	4		5	3
[E1103D]	1214	1172	1201	588	422	444	185	96	134	1	6	3	94	109	112	48	124	45	158	171	54	23	47	18	38	50	20
[T1083F]	1619	1477	1419	37	38	40	4	11	22	13	15	27	34	87	98		5	1	445	671	440	6	5	1			1
[H1085L]	1238	1133	1142	393	248	329	80	56	71	8	20	11	177	335	249	32	19	9	373	311	138	8	14	10	12	11	8
[L1105C]	896	698	772	628	402	548	283	187	252	26	11	10	214	224	239	139	96	134	264	127	63	14	24	22	24	32	28
[S1096T]	715	626	625	392	321	749	192	253	591	18	21	37	77	176	320	27	55	186	220	163	145	11	54	19	72	72	191
[N1106Q]	1074	940	909	835	168	501	316	59	211	3		2	140	70	91	236	44	82	209	82	65	26	6	3	114	84	49
[K1093A]	1098	1051	1057	462	359	589	110	124	158	1	4	613	25	64	92	56	41	41	75	59	62	11	18	10	29	61	47
[V1089M]	1182	997	993	681	589	374	197	228	100	2			79	125	71	82	125	36	62	64	8	21	21	10	79	48	39
[T1095E]	1094	990	993	602	641	419	133	177	59	1	4		103	80	38	57	59	6	192	305	61	14	33	17	36	55	11
[S1096M]	638	641	743	130	791	835	57	363	380	1	9	14	34	178	314	1	147	134	36	108	75	6	34	38	48	210	159
[V1098E]	1315	1201	1198	61	90	80	7	38	12		1		31	28	55		12	1	779	758	416	2	1				
[P1099-]	1278	1227	1322	92	207	181	22	27	32				10	60	42	4	9	19	509	739	256	6	6	8	4	5	1
[T1077A]	1317	1126	1085	2	1	3					1	3	3		1	1			1345	1031	110	4	8				
[F1084A]	1590	1381	1394	23	77	79			4			2	2	30	59			2	144	443	394		328	8			
[A1076C]	1719	1460	1483	199	294	315	24	44	72	2	1		29	23	51	4	6	6	50	59	33	4	13	5	11	19	25
[K1092S]	1379	1349	1231	169	375	445	46	76	95		1		41	90	73	22	64	34	46	104	19	5	12	1	24	74	33
[V1098A]	1153	1153	1165	334	413	67	50	127	50		10	2	111	194	51	18	38	9	303	410	84	14	25		17	8	
[T1083Q]	1144	935	941	178	194	122	22	88	24	64	73	29	151	402	246	3	46	15	436	529	104	6	15	7	2	4	3
[T1083C]	1171	873	915	59	107	87	23	15	13	3	28	19	26	98	90		8		435	1366	413	1	10	1			
[F1084N]	1268	1078	1111	47	35	40	3	15	5	22	21	21	46	80	94	5			1011	522	325	4	4	3			
[S1096Q]	1179	1197	1132	353	547	276	80	173	29		27	1	65	114	28	46	66	19	39	66	68	1	13	45	29	122	19
[T1080C]	1001	865	1041	116	298	805	60	139	298	2	1	4	56	137	222	33	57	54	36	204	69	5	16	26	12	62	41
[A1087S]	1183	1051	1069	40	52	37	8	12	22	2	10	36	6	63	181	1	8	5	530	425	819	5	33	2	3	5	3
[K1092-]	1211	1036	1135	175	332	615	54	156	143			1	40	83	108	18	63	85	30	86	82	3	10	22	8	28	38
[I1104M]	1331	1156	1087	294	259	460	66	107	98		1	2	61	74	73	46	59	28	62	130	19	20	50	10	5	19	7
[V1098S]	1638	1415	1456	159	193	93	16	28	11			1	13	18	6	11	8	5	187	226	10	2	5	2	2	5	
[S1096V]	1032	937	918	313	318	745	52	100	166	1	1	4	43	44	139	36	79	85	81	42	59	9	21	25	34	70	73
[R1100-]	1834	1723	1536	26	2	1				6			30			155			60	2					28		
[L1105W]	1128	1025	1219	163	368	293	31	149	63		2		65	146	96	17	27	23	96	277	63	18	30	8	1	6	3
[R1100A]	1075	1103	943	200	475	416	46	191	87		1		47	173	113	24	18	25	57	127	125	2	16	10	2	17	10
[K1092A]	1383	1175	1159	306	279	437	67	44	56		1		33	21	29	8	27	8	60	43	35	9	12	16	14	31	22
[L1101C]	1492	1404	1605	142	88	163	14	58	31		1	1	18	10	11	8	13	16	22	9	6	4	3	3		6	
[K1093-]	1222	1018	1034	315	302	276	75	152	109				46	46	68	19	61	9	134	49	24	7	9	11	12	40	17
[E1103C]	1817	1539	1622	3	1	2		1		1			1	2					1	4		6	10	7			
[N1106K]	870	811	810	145	554	257	71	273	94	7	7	28	30	172	71	14	127	67	37	185	22	8	97	3	36	149	43
[N1082I]	1273	1201	1110	25	6	17	2	2	2	11	1	9	66	9	12	9	1	7	584	235	394	3		1			
[R1100W]	1689	1457	1404	57	95	67	1	8	7	2	4	2	10	47	31	4	6		20	22	9	5	5	1			
[I1104K]	1705	1435	1566	25	36	32	9	13	11			1	3	11	8	5	8	2	3	14	7	2	25		6	7	1
[R1100L]	1241	1174	1187	12	11	256	1		183		1	59	1	7	282		9	157	1	20	15			7		1	272
[V1089P]	1743	1537	1502	2	7	25	1	2	1	1		1	1	1	4	1	1	2	5	5	2	1	1	4	1		2
[V1098H]	1309	1066	1082	151	208	207	55	62	26	1			27	31	33	12	18	4	166	196	99	7	7	6		14	7
[I1104D]	1578	1382	1392	78	37	71	19	15	25	1		9	11	18	43	6	16	3	23	25	11		2		2	6	9
[K1093H]	1715	1434	1514	11	18	25	1	2	4	2	3	3	1	1	1		5		2	9	5	3				1	5
[S1096N]	858	799	824	118	305	159	21	84	64	1		2	8	30	12		22	20	14	1310	15	6	6	4	11	49	7
[S1096F]	1536	1428	1497	18	53	51	5	13	25	4	2	2	5	13	9	2	12	4	8	14	6	2	13	3	1	17	5
[V1098-]	1730	1462	1499	2	5			4												34			1			5	
[L1105R]	1774	1441	1520										1							2		2					
[L1105G]	1276	1234	1212	43	92	18		43	1		306	2	37	160	1		201	2	42	19			10	1			
[V1098N]	1631	1454	1302	3	5	4		1	4	1			1	1	3				65	98	117	1	1	1			
[K1093C]	1178	957	1063	212	297	391	61	60	68		1	2	14	35	27	35	31	22	21	55	32	8	9	9	18	21	20
[T1083M]	1116	951	969	64	57	65	35	12	10	1	3	7	19	62	76		22	25	559	394	164	5	4	4		1	
[I1104Y]	1536	1307	1285	17	11	11	4	3	2	1		1	17	1	4	1	5		360	15	9	1					
[V1098G]	1162	914	1010	54	177	141	13	36	16		1	3	15	28	21		3		203	632	107	3	10	4	3	7	7
[A1087C]	1709	1406	1391		4			2	1		2	1								12	6		2				
[T1077K]	1035	840	839	41	51	32	8	27	25			1	8	21	9	8	9	4	386	567	517	5	50	1	5	9	12
[K1093V]	1275	1131	1187	128	334	98	13	43	20	1	3	2	3	15	5	9	14	10	40	44	8	3	11		4	22	5
[F1084Q]	1410	1277	1267	45	68	87		8	15	1	2		11	33	17				43	78	5	14	17	14	2	3	2
[A1087E]	1627	1429	1343											1					1	2				1			
[A1076D]	1477	1215	1231	49	55	41	26	30	29		1	1	16	21	18	4	20	4	9	16	3	9	55	3	12	22	9
[F1084P]	1306	1147	1090	1	1								2		7				461	161	179						
[K1093I]	1576	1274	1238	13	8	2	2		1	99	2	2	44	2	1	3			12	6		2	1		16	2	
[A1087D]	1575	1317	1221	9	5	11	2	5	5				3	4	4	2	1	2	31	31	29	5	10		5	5	1
[L1101D]	1525	1307	1303	14	10	9	4	7	5		4		5	4	1	2	3	3	17	11	5		5				
[T1095K]	947	929	870	249	343	192	49	125	25	1			64	68	27	27	60	9	61	84	14	11	10	5	19	26	4
[I1104T]	955	823	874	313	260	236	52	79	69	1	2		82	59	49	36	42	16	82	34	16	11	68	8	9	18	6
[K1102P]	1597	1174	1268	2	9	17		1	9				2	2	1				2	29	66						
[T1095G]	1251	1095	1180	100	92	179	3	37	55		1		14	8	5	1	8	1	13	62	13	12	6	9	2	8	1
[L1101F]	1103	920	1034	170	169	216	36	45	48	1	5		23	45	25	24	24	7	45	52	11	11	57	14	16	21	13
[R1100M]	1358	1225	1225	1	50	12		77			27			58	2	2	13	1	2	22	12	1	1			44	1
[I1104F]	1153	1066	1000	103	110	166	28	47	32	1	3	2	30	64	66	19	36	8	24	48	34	3	37	3	9	16	21
[T1077D]	1463	1117	1128	3	3	1		2					3						102	190	102	1					
[K1092W]	1507	1248	1300	3	4	5	3		7		1	1	2	3	3	1	1		5	5	4				1	1	1
[K1093G]	1275	1123	1125	99	173	106	4	29	10	2	2	1	4	12	5	15	9	3	11	26	10	1	7	7	5	22	14
[E1103N]	1408	1288	1347	1		1			2				1	1		1	1		3	2	3	6	5	7	1		
[I1104-]	1408	1342	1315	3								1								2		5					
[A1076V]	1469	1218	1229	12	10	14	6	7	4		1		3	3	4		1	3	17	37	12	3	16		2	3	2
[G1097L]	1553	1280	1183	4		2													9	29	1	1	3	6			
[H1085W]	1079	905	968	27	5	36	7	3		2		2		11	4				533	259	219	2	1				
[M1079I]	1165	1016	1031	58	95	165	7	21	25	1	1	1	7	7	10	5	1	1	106	241	42	4	13	3	2	7	6
[K1102-]	1404	1289	1239	5		6													1		51	1	2				
[E1103V]	1427	1259	1223		7	2		1			1		1	17			9		8	17		2	5	3			
[L1081V]	1523	1194	1202	14	2	1	4	1	3					2	1	2	2		1	2	2	3	3		3		1
[A1076Q]	1503	1180	1274																								
[V1089K]	893	707	745	18	14	2	8			5	1		26	117	23			3	909	337	146	1	1				
[L1101-]	1434	1265	1253								1											2					
[F1084L]	784	674	684	211	223	214	80	40	63	21	5	29	93	81	209	33	9	35	167	124	125	9	4	5	2	16	11
[G1088W]	1494	1231	1189	1	1																						
[A1087F]	1448	1215	1119		2	5		1			1		1	1	2			1	17	69	28						
[A1076E]	1471	1189	1236		1														10	1	1						
[M1079T]	1390	1220	1205		5	13			1										13	11	32			2			
[F1084W]	1390	1189	1212	4	17	3									1				16	52	4		3				
[L1101N]	1350	1217	1243	8	11	5	2	8	3		1		3	4	4	2	3	1	6	9	3		1	2	1	3	
[G1097A]	1337	1189	1132	31	27	29	9	9	17			1	2	6	5	3	7	3	6	15	3	5	27	1	5	8	5
[K1092Q]	910	834	878	288	211	142	73	60	64			3	25	49	44	31	39	34	38	18	11	13	15	11	14	43	29
[A1076H]	1474	1240	1153	1															1								
[I1104A]	1241	1040	961	141	73	120	15	12	20				10	28	47	2	32	11	44	33	19	3		10		2	3
[T1083I]	1078	1013	1120	16	13	16	10	2			1	1	6	18	25		5	3	225	109	191	2	1	2			
[S1091C]	1349	1098	1038	91	85	62	8	13	4	1	3		8	6	7	22		6	7	16	1		3	1	1	11	1
[A1087M]	1505	1124	1207		1																	3					
[A1087T]	1391	1149	1071	11	26	22	11	12	8	1	1		6	8	9	5	12	6	11	7	16		22	1	5	2	5
[L1105-]	1393	1234	1180									2							1	2	5						
[N1106P]	1140	1060	937	32	52	51		8	4	4	3	5	15	42	58	5	19	4	134	160	68	1	7	2			
[E1103P]	1506	1061	1207	5		1										9			9	2	1	3					
[R1100Q]	1330	1092	1222	3		4		1	1					1		1			14	117	13	2	1				
[R1100E]	1424	1131	1179	2	2	19	1												1	22	16	1	1				
[F1084I]	1204	1069	1101	8	25	9		2											12	38	3	6	206	115			1
[T1077F]	1007	914	853									1	1						212	433	370		1	3			
[T1083P]	1408	1162	1193		3		1		1					1			1		3	8	4		1				
[F1084E]	1391	1235	1136																		6						
[A1076Y]	1418	1215	1121		1															2			3				
[E1103W]	1330	1176	1144	1		14							1	1					9	30	17	1					10
[S1096W]	1370	1116	1162		3	4			2					1						8		13	18	32			
[L1105N]	1362	1149	1108	12	15	13	4	3	1	1	2		5	12	6	1	3	1	9	12	5		1			1	
[I1104E]	1098	868	876	169			77			126			266		1	199		1	33			5			7		
[V1098D]	1201	1171	1166	1	18	7		8	2				1		4				34	79	26		1				
[A1076R]	1375	1165	1129		2	7													9	1	13	1					1
[T1083R]	688	582	651	356	177	222	113	32	77	14	1	2	172	86	117	39	29	6	184	63	36	8	8	10	9	7	8
[A1087G]	1349	1075	1117	12	14	12	3	12	4	1	1		5	2	6	1	4	1	18	18	12	3	15	1	2	7	1
[F1084-]	1399	1097	1177			2														4							
[S1096Y]	1120	985	980	34	80	46	8	13	21		2	3	9	11	7	3	5	6	5	273	3	7	15	2	5	22	9
[R1100V]	1279	1073	1085	32	58	18	4	1	3		1			7	3			3	58	34	2	4	3			2	
[L1105E]	1009	807	860		64	10	1	5	1		190		3	309	11	12	36		27	284	26		1	5			
[G1097H]	1295	1181	1157		1															17	5			1			
[L1101A]	1310	1081	1139	5	35	41	1		1					2	4			3	7	4	8		3	4			
[H1085M]	979	787	902	28	133	59	4	28	21	2	5	2	27	254	197		19		35	142	8		5	4			
[T1095F]	858	708	809	265	260	161	28	60	57				22	45	49	16	45	32	57	70	22	5	2	8	7	19	19
[G1088I]	1379	1156	1081	1																5							
[M1079N]	1315	1153	1137	1	3								1	1					3	1	2	1		1	1		1
[G1097-]	1192	1118	1158	37	35	24			7		2			2			7			27			3		1	2	2
[T1095H]	985	897	865	51	128	174	7	41	62	2	18	34	2	13	49	4	34	23	13	32	23	3	4	5	6	50	87
[E1103A]	1341	1113	1086	3	3	1		1				1	1	4				1	14	4		14	9	12		1	
[K1092D]	1233	1002	1108	29	40	32	9	16	11		3	1	2	9	13	6	3	2	10	45	3	3	2	1	1	5	7
[M1079K]	1255	1057	1053	18	23	14									1			1	77	72	15	1					
[L1101W]	1015	964	943	83	87	153	18	14	15				4	4	17	1		5	73	149	23	1	3	6		4	2
[R1100G]	1142	938	1013	22	35	44	8	8	12	3			6	13	3	4	5	4	48	192	49	4	14	1	2	5	4
[K1092E]	1221	1067	1031	29	30	24	15	15	15	2			11	11	3	8	7	3	7	9	9	5	29	7	3	9	7
[A1087L]	1345	1102	1099			4					1								2	3	9	1					
[R1100I]	1352	1122	1050		3	4	2							2	1				1	7	2	2		9		4	3
[I1104R]	1353	1153	1039		5	1														6							
[I1104G]	1251	1056	1195	5	2	8	5	4	2	1			1	1	2	4	2	1	4	5	1			2			2
[Q1078W]	1312	1098	1129	4	1																1						
[Q1078I]	1278	1177	984	1	3	1													14	53	33						
[L1105Y]	1193	1131	1024	23	15	24		2	1			1	1	2					51	37	22	1					1
[L1101T]	1261	1102	1097	2	3	2			2			1	1	28	3						3	1	1			20	
[Q1078R]	1281	1112	1081	12	1	7										4			4		24						
[M1079S]	1285	1083	1140		3		1												6	5	1						
[A1076P]	1243	1171	1094	1	2	6															2						1
[I1104S]	755	745	747	42	19	18	5	3	8	2			37	2	2		4		1096	7	15		1	1	1	1	
[A1087-]	1328	1049	1126	2														2									1
[K1093F]	1296	1098	1109		1															1	1	1					
[A1076G]	1065	994	900	54	71	69	16	32	32	2	2	2	11	20	13	18	16	6	24	23	17	18	59	4	13	18	7
[G1097K]	1271	1141	1043	2	2	7					1		1						6	2	5	3			1		
[N1082W]	810	695	713	11	4	9					1		13	37	63				409	605	107		1				
[H1085A]	1262	1129	1058		7						2				1						6		1			1	
[Q1078H]	1100	972	1034	33	43	29	15	31	30		2	1	9	13	6	7	10	3	10	24	8	3	45	2	11	13	2
[E1103G]	1160	1027	1007		1	1	1								1				8	33	8	36	94	54	1		1
[E1103L]	1267	1079	1040	1	18					1							2		3	11	3	4	1				
[I1104W]	1238	1115	1033	1	6	2		4		1	1			5		2			3	11	1					2	1
[E1103M]	1245	1081	1060	3		1			1					3	1			1	4		2	1				1	
[R1100S]	1195	1059	991	5	6	7				1			4			3			66	16	21						
[V1098T]	1169	1053	1017	9	27	17	6		1			1			1		7		5	47	7			2	1	1	1
[T1083K]	1023	851	867	1	7	3	1					1		5					410	85	101	2	2				
[E1103Q]	1134	931	970	24	32	26	13	27	14	1	2	1	9	14	12	7	5	2	4	29	4	7	52	6	9	14	9
[L1101M]	1023	922	863	130	106	152	17	1	8				4	19	14	6	8	20	23	9	7	1	7	1	6	8	1
[Q1078C]	1242	1019	1057			1													2	12	14						
[G1097I]	1213	1090	1031																2	5	3		1				
[R1100N]	1236	1069	994	1	1	2													5	9	15	3	3			1	
[G1088C]	1209	967	984	21	17	22	9	15	21			1	4	10	4	1	1	1	3	4	12	1	22	2	2	4	2
[L1081Y]	1269	1053	1012	1	1															1							
[E1103Y]	1184	1047	1029	3	8	1		4				4	1		1		1		4	26	13	2	6	2			
[Q1078E]	1191	939	965	27	34	28	9	15	9	1	3		5	12	9	10	3	4	5	4	11	8	23		5	11	4
[T1080M]	1191	1058	1053					1									1			11		4	2	3			
[F1084K]	1217	1012	1052		2	1	1								1				8	12	9	2		2			
[R1100F]	1165	1090	996	2	7	11	2		5	1		4	1	1	7	1	2	5	3	4	4	2			1		4
[N1082-]	1226	983	1098			5							1							1							
[M1079W]	718	631	671	25	24	8	9		7	1	1	1	2	2					466	705	38		2				
[K1092Y]	1112	924	915	52	100	77		23	17		1		2	6	12		24	1	3	22	3	1		3	2	7	1
[T1077W]	1120	936	919		2								1				2		52	146	118		1				
[F1084D]	1225	1014	1048	2															1	2		4					
[V1089I]	978	904	990	27	64	79	6	18	11	7	4	6	6	22	15	3	2	17	29	24	28	3	18	7	3	4	6
[I1104P]	1180	987	1080	3	11	1		11				1					3		2	1			1				
[L1105S]	1024	928	909	50	94	55		16	8	1			6	81	7	4	15		5	52	13		6	6			
[T1077E]	1093	906	948			1			2									1	66	131	114						
[E1103F]	1168	1048	1028	1					1								1		1	5	3		2			1	
[N1106A]	405	347	301	296	391	220	138	133	239	1	4	2	88	85	87	17	33	7	72	114	15	6	25	8	41	126	43
[M1079H]	1238	1026	940	8	2														26	1	2						
[M1079Q]	1059	889	923	6									1						194	26	136			2			
[G1088V]	1041	949	976	24	28	27	16	14	21		1	1	4	14	8	7	9	6	5	13	4	4	37	1	4	6	5
[K1093T]	997	884	873	130	68	72	21	14	16	2		1	5	3	2	18	1		75	19		2	4		10	4	1
[T1080K]	1172	951	1039						1				1	2			1		6	21	25	1					
[E1103-]	1104	1048	1053																	2		1					
[Q1078G]	1153	1031	1016																	1	6						
[F1084C]	1106	940	867		5	10													7	7	3	2	250	3		1	
[R1100C]	946	855	843	53	96	49	12	16	14	1	2		15	22	10	6	11	7	30	129	5	4	32	8	6	7	8
[Q1078Y]	1136	983	1033	4	4			2											11	7	2		1				
[A1076S]	985	856	870	79	102	58	4	18	19			4	7	10	10	2	12	5	14	30	20	14	21	3	13	11	6
[T1083-]	1231	969	965		1																	1					
[L1081F]	1019	922	907	6	17	8	3	3	7	2			2	12	1		3	1	121	101	17	2	10		1	2	
[K1093Y]	1089	992	995	10	20	15	1	5	2			3	3	4	4					9	1	2		5	1		
[N1106R]	931	814	751	138	210	95	11	31	7	1	1	2	9	17	6	5	64		7	9	10	2	3		4	25	2
[G1088R]	1189	1010	952																					1			
[G1088P]	1137	1057	946	1	4			1									2			3				1			
[L1081I]	1039	817	821	17	16	22	7	6	13		1		17	8	10	2	1	6	176	46	100	2	10	2	2		3
[M1079Y]	1123	1005	975	1	1	2		1	1					1				1	2	7	2			1			1
[A1087P]	1114	998	937																2	30	39		1				
[M1079A]	1173	984	944		4			1														5					
[K1093M]	1057	885	956	13	13	16	5	10	8	2			3	10	5	8	11	4	9	10	12	14	23	12	1	6	3
[R1100D]	1126	957	998		1	1				1				1						5	4		1				
[L1101G]	1046	941	970	12	16	21	10	9	9		1		8	6	6	4	8	3	4	12	1				3	3	2
[A1087K]	1170	962	960																								
[G1088L]	1092	1014	965		3																	2					
[T1080P]	1189	931	929	2	1	1			1				1		1				2	11	5						
[L1105H]	1122	936	965	1	16	9						1		2	3					10	8	1					
[T1095D]	998	910	924	31	46	65	7	2	1					11	3	1			12	29	9	2	2	2	1	1	1
[M1079-]	1154	976	921	1	4	1																1					
[I1104Q]	1143	939	906	4	23	4		4						5	2	1	9			12			3				
[H1085D]	1170	954	926	2																1		1					
[L1081H]	868	755	732	70	89	80	22	34	45		3	1	16	31	31	22	27	10	28	31	12	14	82	3	13	25	9
[A1087Q]	1178	893	976																3	1		1					
[H1085V]	1173	965	907			1							1								4						
[T1080W]	1166	900	938								1		1			4	1		2	6	14	4	3				
[G1097F]	1079	1004	944			2							1				1		1	1	1	1					
[R1100T]	1143	920	942	1		9									1				2		4						
[A1076T]	962	828	864	18	19	28	11	13	14	1	1	1	7	8	7	3	6	5	31	56	65	11	19	2	8	8	11
[L1101E]	1079	975	924					1	1						1		1	7	1			2	2	3	1		1
[G1088D]	1111	889	911	10	7	14	6	5	8	1			3	3	1	1	3	1		2	3	4	10	3			2
[Q1078A]	1076	921	907		2						1		1	2	2				34	35	11		1				
[L1081-]	1112	923	956			1															1						
[N1082F]	1002	833	860	7	5	2		2		2	3	2	7	5	2		3	1	75	130	50						
[M1079C]	1158	974	847	1		2						1		1		1			1	1		1	1	1			1
[E1103K]	1008	939	882	13	16	10	5	5	12	1		2	3	5	3	3	8	3	6	17	11	5	18	3	3	7	1
[G1097D]	1058	863	910	11	11	7	3	12	8		3		4	8	2	2	5	1	4	16	22	2	19		4	5	
[F1084R]	1087	925	959																					3			
[E1103S]	1097	946	910	2	1	1			1													6	7	2			
[G1097E]	1071	905	961										1	1					1		6	14	6	5			
[L1081A]	1018	960	970		1			2												3	3	1				6	
[G1097W]	1149	935	857					2												9				4			
[T1080L]	1048	953	924	1		1					1	6		2				1		3		6					
[L1081E]	1045	955	933			1															5						
[H1085G]	1109	863	961																					2			
[A1076-]	1144	916	872	1																							
[S1091N]	1045	903	941	4	7	4	1	2	2	1		2	3	1	2	2			6	2	2				2		
[H1085F]	1030	933	939	2	2	3		1	1				3	1	1				6	4	2	1					
[L1081G]	1084	886	944		2	2		1												1							
[S1096I]	706	627	589	64	195	184	24	60	108	1	1	2	6	57	59	10	23	18	9	89	15	2	3	10	5	25	24
[Q1078F]	1127	902	871	2						1			2						5				1				
[N1082A]	1052	904	871	4		2	1			1	1				1			1	11	29	23	1					
[K1093W]	1060	892	936		1	1															1		1				
[S1096H]	897	930	873	2	17	17	2	8	3	1	8	3	2	6	1	5	9	3	16	68	1	1	2	6	1	3	1
[F1086-]	1085	872	913			1															3			1			
[G1097Q]	1069	910	853	9	1		1								2	1	1		4	19	1					3	
[G1097Y]	1023	943	899	1																5							
[Q1078K]	975	855	826	12	19	19	8	7	21	1		1	4	7	11	6	7	7	4	17	6	4	31	1	4	6	8
[E1103I]	1060	885	880	5	3	11			8				1	2					2	2	1	4				1	2
[A1087H]	1029	933	883	4															3	3							
[T1080V]	1010	822	817	1	26			63			4			18			19	1	1	3	1		1		2	60	
[N1082H]	805	744	722	96	30	67	27	14	44	2	3	2	39	15	47	9	3	12	53	36	32	3	9	11	5	4	13
[G1088M]	1056	870	905		3								1							3		2					
[G1097V]	929	833	844	20	27	23	18	11	17		2		6	6	4	5	4	3	13	27	7	1	20	2	4	6	7
[G1088H]	1016	932	875	1														1		3		1					
[T1095R]	1099	829	858	4	2	10					1		1						5	5	6	2	1	2			
[S1096E]	1024	886	894	1	2	3		1			1		1	1			1			5		3			1		1
[G1097M]	1027	898	878																	4	4	1	2	1			
[Q1078V]	956	852	988	1		1		1			1	1						1		6	2						
[G1097C]	1003	849	791	14	25	20	10	4	11	1	1		3	5	7	1	4	2	3	10	5	4	17	1	1		5
[T1077-]	1021	830	901		1														2	2	19						
[N1082P]	982	887	874		3	3											1		3	4	3						
[Q1078L]	1026	881	804	1		3								1					7	8	25						
[A1076N]	1005	898	835			2															11	2					
[L1101S]	966	840	909		1	3	1									1			5	10		4	3	5			
[E1103R]	1052	808	873																	4			4	5			
[L1081K]	1008	907	819		3	3																					
[N1082V]	931	820	911	1	1					2	1		1						14	33	21						
[T1080R]	998	857	857			3	1	2		2	1	1			2	1					2			5			
[H1085S]	1025	857	835			1				1										1	6		1				
[L1101Q]	1008	858	830		1	1						11			6					1		2	3				
[L1101H]	947	876	881	1									1								4	2		2			
[R1100Y]	942	827	878	8	24	5			2			1	1	1	3	3			8	4	1	1	2				
[G1088K]	1029	841	830																			2					
[H1085-]	1026	835	830										2														
[T1083Y]	963	854	857						1			1							5	3	1	1					
[T1077P]	860	740	849	1	8	4	3	4	1				1	1	1	1		3	45	71	71	4	11			4	2
[A1087R]	979	829	872		1																	1	1				
[T1077R]	827	691	764	15	23	21	10	14	10				7	6	3	4	4	5	63	79	72	6	26	2	3	3	6
[M1079R]	944	815	874	2	1		7												7	8	2		1	1			
[T1080-]	1028	786	831			2													1				1				
[R1100K]	837	695	703	124	95	71	7	10	10			1	11	13	7	19	2	5	10	6	5	2	3		1	1	2
[G1088N]	976	804	824																		2						
[L1081T]	927	817	796	2	31			3			1			1			14			1	7	1				2	
[F1086D]	901	784	780	1	4	1	1		2			1	1	2	2			1	57	26	16	2	1		1		
[G1097T]	928	834	810			2									1								1				
[G1097N]	927	849	778		7									1						8			2				
[G1088Q]	983	764	820																								
[G1097S]	871	856	792	7	7	19	2	1		1			1		1			1	2	3							
[T1077G]	881	713	663	1	3	3	1						1	2					88	64	130						
[G1088-]	990	802	745														1		1		4	1					
[S1096D]	928	787	791	2	1	3	1	2	1	1			1	1					2	11		1			1	1	
[T1080G]	934	744	758			2						1							16	36	43						
[G1088Y]	925	807	787																	3	1						
[G1097R]	977	811	717		1	6					2								2	2	1	1					
[K1092P]	872	735	811	1	12				1										5	44	20	6					
[L1081P]	1009	779	707	2		1														4							
[L1081D]	910	755	835					1										1									
[A1087Y]	937	795	760		2															6	1						
[T1080I]	902	675	799	7	14	12	4	4	5	3		2	1	4	8	1	4	1	6	18	6	1	14		1	4	2
[L1105P]	844	800	801		24			4						1						19	4						
[L1081N]	896	811	784				1								1				1		1						
[F1084Y]	944	719	812																1	11			1				
[F1084V]	963	751	758	1	1														1	4		2		1			
[L1105D]	880	793	723	3	4	7	3		1				3	2	5		1		5	4	3	1			1		
[Q1078D]	944	698	731						1										3	57	1		1				1
[G1088T]	935	775	720																								
[L1101P]	898	729	795																	3		1		1			
[G1088E]	884	786	754		2																						
[M1079E]	905	739	769		2	1																	2				
[R1100P]	937	775	699		2			2	1																1		
[L1101K]	814	817	727	3	6	11	2	1	5						5		1		1	2	4	1	5		2	1	1
[L1081R]	896	745	766	1																							
[R1100H]	793	674	690	26	27	59	6	9	9	1	3	2	2	5	8	3	1	2	18	6	6	4	25	4	9	6	1
[L1081Q]	874	782	692	3	11				1						2	1						1	1				
[A1087W]	864	735	765		1	1																	2				
[H1085I]	868	733	756		2			1							1					1	1	1		1			
[T1083E]	887	734	721							1		1	2	1	1					5					1		
[N1082G]	871	706	763	4		3					1	1		1									3				
[F1086G]	877	713	728					1	1					1				2	2	2	5						
[K1093L]	874	703	724																		10	4		4		1	
[H1085T]	839	715	748																								
[H1085E]	840	708	725										1						1	1	2						
[M1079V]	800	667	697	2	5	4	4	2			2		1	27		3	2		1	21	6		5	1	1	13	1
[G1088S]	848	675	730		1	4														2		1					
[A1076F]	808	706	735																1	3							
[H1085N]	788	732	708	1									2						1	2							
[A1076L]	793	706	719		3	1			1						1				1		5	2	1	1			
[T1083L]	843	690	686	1	1														1			2	2				
[G1088F]	834	690	690																	1	1						
[L1081S]	789	726	686										1							4							
[H1085K]	770	666	625	7	3	4	3	1	1	1									102	11	4						
[L1081C]	842	611	719																2	3	1						
[T1080D]	851	623	681														1		4	5	6						
[T1083D]	852	637	664												1				4	2	2						
[T1080E]	778	663	693																	2	1						
[N1082L]	781	616	692		2								1	2					10	7	7		5			1	
[E1103T]	772	628	693	1	1	1								2				1	2		1	2	4				
[A1076M]	806	640	617		2															2	1	3	6	6		1	
[A1087N]	766	633	641	1															4	21	5						
[L1081W]	795	613	619	1		5															3						
[H1085R]	767	596	644	2	1					1	2							1	8	1		2	1				
[Q1078N]	759	592	569		1	3				1					1		1		11	10	18		2				
[L1105K]	732	617	566		2	5		2		1	1			2	3				2	23	4	1	1				
[M1079D]	724	622	595	1															1	3		3					
[E1103H]	760	580	591		1	1								1					1	5	4			2	1		
[M1079G]	678	614	616		8	11														6							
[I1104H]	720	600	579	3	3		1							2	1		1		3	4	7	2		1			
[H1085C]	698	647	526		4				4										3	1	2	1		3			
[T1083W]	715	556	606			1														2	1				2		
[L1101R]	669	653	553										1		1						1						
[L1105Q]	618	533	562	18	19	34		10						29	9				6	10	5	2	3				
[N1082Y]	671	531	562	2	1	7	3	4	7		1	1	1	1	2			1	12	19	3			1			
[A1076I]	660	549	567	2															18	5	9	2	1	5			
[A1076W]	667	547	525																	2		1					
[H1085P]	631	494	534					1											1	2			1				
[A1076K]	592	535	496		1																1	1					
[Q1078P]	561	473	527	1	2	4		3						2	1	2	2	2		5		1	5				
[T1083G]	587	453	530		5				1										1	1	1	2	1				
[Q1078-]	499	383	354	1																							
