mutation	SC-Leu pre 5FOA_1	SC-Leu pre 5FOA_2	SC-Leu pre 5FOA_3	SC-Leu+5FOA_1	SC-Leu+5FOA_2	SC-Leu+5FOA_3	SC-Leu post 5FOA_1	SC-Leu post 5FOA_2	SC-Leu post 5FOA_3	SC-Leu+MPA_1	SC-Leu+MPA_2	SC-Leu+MPA_3	SC-Leu+15mM Mn_1	SC-Leu+15mM Mn_2	SC-Leu+15mM Mn_3	YPRaf_1	YPRaf_2	YPRaf_3	YPRafGal_1	YPRafGal_2	YPRafGal_3	SC-Lys_1	SC-Lys_2	SC-Lys_3	SC-Leu+Form_1	SC-Leu+Form_2	SC-Leu+Form_3
[WT]	1392829	1457013	1673987	2886193	2688862	3073740	3040181	2807134	3069657	2989540	2822097	3018279	2618722	2964793	2784881	2797046	2910993	2493928	2448921	2301842	2663310	2009183	2208837	2353715	2413452	2775435	2145184
[T834P]	121448	151469	146605	10927	11641	16317	2514	1981	2803	1104	693	670	866	389	366	1032	1216	825	30510	27426	3091	53408	62517	32540	1085	1048	782
[T1077A]	1048	1408	1460	9	31	9	1	9		5	9	4		39	14	2	11		10557	38864	3429	2	1				
[T1077N]	843	1098	1092	80	91	148	15	14	17	160	106	152	164	209	141	3	2	16	12394	15719	2010	2	18			1	
[T1077Q]	1010	1202	1162	14	10	47	13		1	1	2	9	1		82	3		5	15068	5415	5822			2	3		
[T1077H]	738	1005	916		8						1	1		50	1				18	14056	48				2		1
[N1082E]	1154	1373	1345	341	412	597	133	110	250	337	367	627	51	311	130	135	70	56	54	8488	92	23	15	25	8	15	14
[A1090P]	1214	1404	1406	2	2	10							1				7		7255	27	3585			1			3
[T1077C]	1492	1847	1772	803	649	566	437	222	140	782	660	588	52	69	27	111	191	148	3230	467	177	54	34	8	32	49	14
[T1077S]	942	1151	1089	14	19	43	5	14	3	17	23	9	158	31	49	7	1	2	3897	3932	1863	4	4	4	2		1
[E1103R]	899	1121	1080	1	6														1	5000		1	5159	2			
[L1105I]	908	1241	1167	348	33	30	92	2	9	112			111		1	125	3	5	664	12	1	1670	2138	3675	106	5	1
[T1077W]	906	1103	1137		4	4				1	1	1		9	6			1	4583	3539	1047	1		1			
[A1090G]	1203	1564	1421	504	536	455	144	139	146	41	35	57	11	10	4	141	22	45	4254	444	175	21	41	11	23	23	17
[N1082Q]	1039	1276	1163	404	224	528	206	45	233	1338	520	1894	327	302	500	60	55	107	221	211	259	22	35	14	5	5	4
[V1094G]	1273	1691	1679	8	28	8		2	2		60			40	4	1	4		19	5952	9	9	18	4	1		1
[P1099G]	837	1081	1008	525	1	1	505			2224	3	2	1431			326			2700	2	1	24	2		64	2	
[T1095N]	1222	1413	1435	16	20	564		7	590	1		857			688	1	1	398	49	89	301	1340	2	173	2		213
[N1082M]	974	1193	1214	382	296	339	118	78	142	896	426	331	233	240	163	75	81	68	89	1611	99	20	14	9	3	12	
[S1096K]	1364	1763	1702	286	353	261	60	28	110	3	6	2		2		33	54	10	1160	1322	157	15	50	7	14	12	16
[V1098Y]	1758	2256	2030	2	1	175			105		2	819	2		508		1	59		2	111	6		2			3
[K1092M]	1316	1649	1642	59	9	35	1		7	1		1	1	2			1	1	541	29	14	2097	10	258	8	1	
[I1104V]	1004	1279	1228	118	50	151	21	16	41	2	1	1	4	1		4		7	652	48	3	2666	18	269	5	4	2
[V1094M]	1122	1256	1317	31	220	227	20	38	23	7	83	26	1	4	1	18	7	5	6	148	27	4	2976	6	2	12	5
[A1090N]	1413	1749	1635	379	191	165	92	48	33	6	6	1	2		2	12	1		990	717	57	59	1	11	12	6	1
[S1096N]	802	1015	1012	10	1	966	1	6	849			370			570	1	1	705	127	13	175	1	24	49			792
[S1096R]	1022	1334	1095	217	577	490	74	253	261	39	71	54	10	9	15	34	78	59	1030	317	63	10	24	22	33	49	42
[T1080H]	1341	1709	1669	180	196	365	44	15	85	141	263	522	43	88	97	18	25	13	46	36	104	28	14	16	4	1	
[K1102C]	1273	1621	1501	94	113	148	8	5	20	18	1	2		2		3	7		1388	405	40	1	5	8	9	7	3
[F1086T]	1556	1732	1628	162	130	309	29	34	106	108	98	150	2		3	11	5		16	457	29	41	24	22		1	
[K1092R]	1424	1681	1630	210	235	295	38	63	97	62	37	80	2	2	2	7	42	17	15	452	27	18	17	15	8	12	11
[K1102L]	1354	1623	1513	96	224	429	50	89	120	12	54	65			9	11	9	17	173	316	165	3	18	14	3	6	17
[N1082T]	1033	1322	1396	90	150	209	18	18	70	525	205	608	142	136	190	4	7	14	52	48	64	6	13	1			
[L1105N]	1374	1843	1833	93	1	3	30		2	311	1	2	247		3	110	1	1	177	3		74	69	134	5		
[L1105F]	1428	1666	1699	52	65	65	10	10	10	4		2	3	1	1	1	4	1	514	110	49	198	215	194	4	4	3
[T1095C]	1083	1454	1343	142	218	244	50	76	71	160	165	220	7	5	8	21	28	32	868	16	18	8	9	6	7	3	11
[V1098M]	1523	1931	1767	39	5	26	6	4	1		1	1		3	1		1		13	1	1	277	275	360		1	5
[N1106I]	1314	1506	1597	21	6	361	1	4	194	2		334			258	1	1	247	12	8	112	7	12	53	2	2	156
[P1099L]	1684	2184	2209	2	8	2		1		3	1		4	2					10	8	4		4			2	2
[K1102Q]	1141	1464	1323	297	559	330	108	114	135	39	69	47	2	18	3	14	38	22	108	129	32	14	43	10	7	20	11
[K1092I]	1138	1318	1413	229	119	274	75	25	103	359	36	75	136	1	4	43	18	18	216	15	30	9	9	323	45	2	6
[S1091H]	1085	1366	1344	134	124	109	50	15	18	2		1		3	3	22	20		1248	369	20	16	6	7	6	2	2
[K1102I]	1292	1696	1632	146	374	184	41	49	27	6	12	11	7		1	2	13	9	31	231	59	17	23	5	4	19	5
[T1095M]	1187	1333	1422	144	49	157	38	18	10	165	2	1		2	1	19	6	7	1140	84	30	31	4	8	2	17	17
[K1093I]	1089	1556	1537	580		6	264	1		32		1	234	2	2	201	1	1	49		3	25			297	1	
[L1101C]	1306	1749	1571	2	433	6	1	154	2		96	5		86			104	1		61			12	2		211	
[K1102A]	1275	1584	1593	119	158	273	23	28	38	8	4	8		2	2	6	11	15	354	199	44	4	3	4	5	8	2
[I1104L]	1392	1760	1688	46	56	147	2	6	18	4	2		2	2	1	4	10	4	10	57	19	4	12	493		3	3
[K1102N]	1360	1760	1686	81	81	154	4	10	11	4	4	5	1	2	1	4	7	2	194	22	15	79	213	20	5	1	6
[T1095I]	1145	1458	1393	66	58	266	6	10	44	3	2			2		6	1		755	291	78	51		79		4	4
[K1102W]	1125	1361	1277	116	130	86	39	8	15	177	31	23	84	2		12	11	8	486	600	77	11	13		21	5	
[V1089D]	1377	1740	1692	38	46	58	6	7	14	4	4	3	7	3	3	3	3	3	123	66	4	169	214	110	3	4	3
[L1101Y]	1250	1465	1281	376	133	186	34	32	58	254	133	158	5		10	42	7	47	37	24	37	15	11	55		2	3
[N1106L]	1297	1599	1471	21	104	58	1	100	1		135	3		172	1		238		88	118	10	12	10	8	1	123	
[F1086Y]	1209	1588	1607	159	171	120	13	27	35	20	16	18	2	7	2	17	12	3	76	34	48	287	40	33	9	4	3
[K1093N]	1191	1505	1579	20	40	27	2		3	5	1	4	3	1		6		2	25	835	21	34	127	77	4		3
[A1076R]	1007	1501	1369	30			28						66						1476	1		1					
[L1105M]	952	1022	1032	91	84	200	47	19	31	3	1		3		1	1		9	264	583	46	628	93	208	5	8	4
[A1090E]	1298	1518	1378	48	87	106	5	12	36	5		3	1		1	1	1	2	45	47	45	630	2	33	1	8	3
[S1091Q]	1253	1673	1492	20	16	40	1	10	1	5	1	1	3			1			635	43	46		35	19	1	3	
[A1076C]	1353	1762	1639	4	18	6	1		2	2									56	122	8		149	106			
[N1082R]	737	928	925	143	212	218	68	35	46	348	348	328	66	68	90	17	69	34	77	309	100	17	29	2	3		
[K1102M]	1273	1659	1575	93	159	127	11	17	24	6	15	12		1		1		10	14	128	29	10	18	12	5	3	5
[K1102G]	1522	1672	1617	28	16	40			1			1						2	171	56	5	10		8		1	
[K1102T]	1111	1430	1393	105	293	158	35	59	63	14	31	20	1	2	1	11	19	8	252	49	26	11	12	4	13	5	6
[V1098N]	1506	1864	1687			1			2								1		3	4		3					1
[R1100-]	1462	1870	1720	1	4		1								1				4	1	5	2					
[V1089L]	1299	1546	1513	30	62	131	6	5	15	3	6			2	1	3	1		369	45	7	1		14		7	1
[K1092L]	945	1180	1039	32	94	131	8	8	8		1	5		1		8	5		552	358	8	210	4	435	3	4	2
[V1098F]	1243	1567	1368	71	210	79	10	28	40		11	12	5		4		1	1	145	171	22	7	15	12	1	17	
[P1099T]	1359	1842	1775	2	6	3			1	1	2	1	1	6	3		1		7	11	2		3	2	2		1
[T1095L]	790	908	979	229	19	257	75	9	85	10	2	10			3	7	4		1442	113	38	5	1	8	19		11
[K1102P]	1393	1793	1808		1						1			1					1	3		5					
[E1103C]	1431	1832	1714					1	1	1					1					5		7	5	2			
[N1082I]	1217	1465	1433	19	87	124	7	15	11	40	53	27	32	114	88	11	19	3	25	128	66	2	2	2	3	1	
[L1105R]	1448	1835	1694		2															2		1					
[A1090C]	1165	1470	1386	33	87	116		7	1			1	1	1		1	9	4	261	240	46	1	80	44		1	
[K1093R]	1047	1223	1177	49	118	226	9	37	39	3	18	35			3	9	12	19		83	26	9	759	45	1	1	3
[T1077L]	979	1154	1157	74	19	135	27	14	32	39	11	23	19	8	12	5	5	26	724	109	339	9	2	6	1		
[I1104K]	1449	1813	1626	1	5	4			14						2				3	3	1	1	4	1			
[V1094H]	1414	1715	1670	13	11	34			2	1		1			1				12	15	9	7	12	9			
[N1082C]	820	981	906	168	216	187	71	44	43	320	235	520	52	52	53	10	52	21	32	57	42	9	10	12	6	4	
[S1096V]	822	1059	1062	128	139	120	58	52	1	5	2	6		1		7	39	3	1166	90	28	29	16	24	25	7	2
[S1091T]	1316	1605	1478	24	96	123	1	25	13	3	4	16	1	1		1	5	5	2	1	8	3	147	5		1	5
[A1087C]	1394	1802	1671	1	1	1	1			1	1											3			1	1	
[H1085Q]	1315	1822	1677	2	10	2							1			4			9	7	2	7	10	5			
[R1100W]	1317	1858	1673		1	1								1		1	1		6	1				1			1
[K1102R]	1150	1374	1353	233	206	184	31	29	26	11	7	4	1			10	5	16	57	88	26	2	13	7	3	12	2
[K1093H]	1366	1742	1712	4	1				1	2	3	2		2			1	1	7	1						2	
[A1090L]	1024	1392	1291	2	25	127	1	4	126			75		1	87			63	24	284	45	3	117	33		1	110
[A1090Q]	1205	1501	1453	42	41	78		11	28	6		1	5					1	7	100	16	239	11	57	2	1	
[S1096Q]	845	1098	1079	7	12	45			4	3	4	1		2	1				1472	1	10	2		214		1	
[V1098L]	792	1007	967	17	2	123		1	55	1	1	212		1	202			93	5	5	223	1041	1				34
[N1106H]	1200	1608	1460	40	47	31	14	1	2	1	1		1				1		129	150	10	10	14	19	1	3	
[L1105Y]	1257	1686	1589	12	3	18	2	1	17	5		7	16		10	19	1	1	20	7	11	11	10	11	20		8
[Q1078S]	1243	1764	1670	2	1	8	1	1	1	1	1			1	1		1	4	6	3	2	4					
[L1105V]	1174	1595	1456	29	15	19			1				1		1		1		117	48		190	40	8			
[V1098-]	1333	1751	1593		6	6								1					1	2							
[T1080V]	865	1134	1120	10	36	2		1			1								81	609		2	827				
[S1096T]	751	935	900	307	118	400	92	57	195	61	28	72	3	4	28	18	2	76	116	252	88	31	24	34	28	13	52
[V1098S]	1354	1686	1617	1	1	6	3		1			1							1			1			1		
[P1099Y]	1367	1616	1621	3	3		2	1	2		1	1	4		1	5	1	2	9	9			5		1	1	1
[S1096M]	705	929	833	160	203	73	48	30	5	7	8	6	2		2	11	6	8	674	572	32	222	45	6	24	17	6
[I1104D]	1337	1660	1617		2	1													1			7	2	1	1		
[F1084S]	1320	1648	1617	1	5							2							8	8	1	2	2		1		
[V1089F]	1308	1610	1564	5	11	38		1	5			1		1		4		1	9	12	6	6	7	8	1		1
[S1096C]	970	1255	1238	87	186	261	65	13	41	1	2				5	20	6	11	158	124	58	8	26	19	9	14	15
[P1099N]	1268	1703	1528	6	4	6				14	1			1	1	1		2	41	3	2			1		1	
[V1094L]	861	1220	1207	126	131	247	17	54	83	58	67	237	1	2	4	16	8	37	14	83	40	13	15	17	4		4
[P1099D]	1284	1665	1554	3	5	2		1		4	3	2	1	2		4			16	9	4		1			1	
[L1101I]	1064	1422	1452	31	30	8	1	4	1	1	1	2		3	1	1			96	46		277	96	5	1		2
[S1096A]	740	854	974	49	62	67	8	22	9	1			2						207	135	27	202	1166	17	1		
[A1090S]	1157	1307	1375	76	130	138	10	38	19	7	5	11			1	3	32	3	108	19	13	17	33	27	1	7	4
[S1091I]	1213	1433	1480	3	3	11	1					1		1	2	1	1		5	347	16	4		12		1	1
[G1097L]	1293	1631	1578	2	1														1	1	2	3	4	1			
[K1102F]	978	1236	1280	96	64	136	20	6	11	5		2	2		1	22		1	132	476	27	10	1	5	5		
[A1087S]	1263	1451	1483	10	12	21		10	3	2	1	2	1			2	6		37	27	1	57	80	41	2	1	1
[V1094T]	1062	1419	1340	53	66	160	2	4	11	5	5	8	1		4			8	11	32	20	3	262	26		1	
[K1102H]	1218	1600	1513	41	22	41	1	4	1	6	1	3	1		1			9	3	3	8	2	4		1		
[S1091P]	1316	1560	1561		1	2	1						1	1			1	1	6	21	7	3					
[T1077M]	1067	1329	1175	35	117	59		19	1	7	14	112	2	1	2		26	4	4	440	23	5	7	25		1	2
[V1094I]	732	894	858	32	46	86	13	10	12	3	3	3		2	2		1	1	104	88	12	133	957	469	1		
[M1079P]	916	1182	1199	4	19	9													340	683	102		4		2		
[E1103P]	1148	1774	1489	3		5			3						14					1		3					
[F1086M]	1140	1467	1339	39	36	124	5	31	5	12	3	48			2		3	17	21	99	19	4	1	10			7
[K1092V]	1140	1275	1261	20	48	59		3	12			1					1	1	3	7	5	72	415	104			1
[S1096F]	1183	1633	1548	4	4	4	1			1			2	2	4	1		1	5	2		5	7	2	3	1	1
[F1084Q]	1216	1593	1597		4															1	2						
[V1098E]	1267	1573	1519	1		2		1		3			1									1					
[K1102Y]	1114	1435	1396	41	116	57		36	2	4	2	6	2		2		3	1	14	104	4	4	7	7			2
[A1090T]	942	1025	1031	277	8	64	102	2	5	159		1	166	2		64			172	6	23	247	4	2	56		
[K1092W]	1211	1592	1524	1	6	1	1				2		2		3	1			2			2			1		2
[V1089P]	1257	1591	1478		5	1	1														1	1	1		3		1
[V1094R]	1233	1522	1450	17	10	38			1		1	11	2	2			8		4	9	4	1	12	2	1		1
[L1081V]	1180	1640	1487		2					1							1		9	2	1	4	1				
[A1076D]	1188	1509	1565	3	4	2			1										10	8	1	12	9	6			3
[A1076Q]	1209	1605	1475		1	5								4										1			
[P1099A]	1205	1545	1466	6	1	1	4	2		12	3	1	13	1	1	2	1		9	3	6	2	4		1		1
[V1089W]	1212	1528	1518		5			1		1				1					6	7	4		2				
[N1106G]	875	1059	1066	127	111	51	20	9	1	3		6		1					637	179	18	16	18	74	3	4	2
[K1093E]	1213	1574	1400	7	4	13	2			2		1	2	1	1	1			5		6	34			1		
[L1101A]	1070	1470	1386	80		1	16			25			115	1		8			26	3		1	1		58		2
[R1100M]	1157	1542	1528	3	2				1						1			1	7	10	4	2				1	1
[N1106S]	623	888	840	97	103	14	3	70	1	22	134	1	11	193		20	297		656	33	3	81	10	25	2	121	1
[V1098K]	1168	1588	1474		1	4					1	3		1						4	4						
[A1076V]	1166	1514	1486	1			2		1	1									32	15	14	5	2	1			
[N1106C]	1149	1516	1413	8	20	33	1	1	10	1				4	1		2		17	6	31		1	3	2		1
[A1076E]	1151	1568	1494										1					4					2				
[S1091V]	686	787	784	58	13	35	14		9	11		1	4			12			1758		36	4	1		2		1
[A1090V]	1132	1464	1471	6	30	31	4		3	1		1	3	2	1	1			9	8	4	7	10	4	1	1	1
[P1099Q]	1091	1533	1315	7	6	13	5	1	6	2	1	2	1	2	2	3	3	2	25	35	3	52	46	34	1	2	1
[V1094S]	1105	1541	1446	22	2	15			4		2	2	2					1	3	11		20	1	5			
[G1088I]	1208	1576	1395												1	2											
[P1099K]	1142	1554	1419	1	2	7	1	1	1	2	1	1			1	1	3		2			3		2			
[N1106Y]	1134	1406	1335	24	69	42	6	8	8	5	12	5	5	4	1	14	2		14	14	1	6	12	3		5	
[V1098Q]	1215	1527	1370		1					3		1		1						2	2						
[I1104N]	995	1395	1229	15	17	30	11	4	7	2	2		5	1				3	49	66	7	97	128	55	2		1
[E1103N]	1135	1467	1460	1	7						1		2		1	2			2		3	14	9	7	2		1
[F1086L]	905	1170	1133	17	21	11		1		1	1	3		1	4	5		1	4	798	2	3	15	8	1		3
[F1086H]	1057	1398	1210	57	83	67	8	9	1	4	1	3	1	1			2		19	118	4	13	38	3	2	1	1
[I1104G]	997	1269	1335	1		157		1	40		1	65			49			63	4	1	71	26		5			10
[K1092D]	1002	1275	1239	129	2	6	107		1	33		1	130			23	4		22	1		8	5	2	99		
[A1087E]	1152	1474	1449		3																						
[T1095Y]	1096	1426	1474	2	3	5				1		2	1	1	4		5		19	13	7	6			1		1
[L1101D]	1192	1411	1456	1												4			1			1		1			
[G1097A]	1124	1463	1402	2	5	1	2		1				1	1				1	11	10		9	13	12	1	1	2
[A1087F]	1152	1482	1426																						1		
[V1098C]	985	1313	1268	24	25	6	17	7		207	2		51		1	36			19	58			4	2	29	3	
[L1101T]	1138	1466	1321	46			1	1	3	2	1		17	4	3	33			13		1	1				1	1
[M1079T]	1159	1397	1468			3	1						2						10	9	3						
[A1076H]	1121	1500	1405	1	4																						
[T1083P]	1135	1449	1434		7	3														2							
[V1089A]	1113	1400	1382	11	14	25		3	6		1	15	1		1		1	1	10	12	4	16	6	5			1
[A1090M]	1117	1461	1393	11	12	9	1		2		1	1		1	1				4	2	6		1		1	1	
[E1103V]	1093	1479	1410		3						1	1			1		1		2	1		7	2	3		1	
[G1088W]	1136	1483	1376																2	1		1					
[F1084H]	1136	1449	1393	1	5	1													3	6			1				
[T1080L]	931	1154	1166	6	22	32		1		1	3	5	1	4	2	7				591	11	26		23		1	
[S1091L]	948	1220	1129	33	20	23	5				1			1			1		501	83	5	2		6	6		
[T1077D]	1080	1464	1381		3					1			1				1		10	29	1	2					
[S1096G]	862	1139	1083	18	167	75		7	9	7	11	38		1	17		14	5	2	207	31	1	121	156			2
[I1104Y]	1065	1491	1401		3	1		1	1					1					2	3	3		1				
[F1084I]	1099	1452	1384	1	1					1									1		1	8	2	15			
[S1091E]	1043	1240	1229	32	44	48	1	9						1	1		7		3	290	12	3	1				
[S1091M]	986	1253	1199	10	21	19	2	1			1			1			5			414	14	20	1	11		5	
[K1102V]	903	980	1059	106	29	177	38	2	35	18		29			9	9		21	387	20	108	17	1	5	2		4
[P1099F]	1075	1454	1385	4	3		1				4			2	3		2		4	9	4	1	1				1
[T1080I]	728	997	956	34	46	66		4	11	2	1	4		2	1				25	648	33	341	6	19		2	5
[P1099R]	1019	1450	1329	1	18					1	9			17	1	4	48			9		1		2		16	
[N1106F]	893	1094	937	60	143	286	1	29	67	43	73	140	2	4	1	10	6	43	8	13	13	4	11	9	5	23	7
[Q1078R]	1080	1405	1432										1							3	2	1					
[E1103W]	1066	1484	1338	1								1		1					6	14	8			3			
[A1090Y]	1079	1412	1268	1	6	3					3		1						12	125	8					1	
[A1087P]	1089	1426	1365		2	2									1					5	17		2				
[T1083S]	1043	1442	1406	2	2		1								1			1			4	2					
[R1100Q]	1107	1388	1375	2		1		1					2			5			9	4	9			1			
[K1092S]	1139	1382	1360	3	2				1							1	3			3	1	2					
[S1091C]	1065	1333	1320	2	2		2		1	5	1	5	1		1			2		148		3		4	1		
[G1088A]	1139	1391	1339	2	2	1								1					1	4	3	3	5	1			
[A1076P]	1056	1434	1396		1														1	2	2						
[R1100E]	1106	1441	1330	2	2	2	1								1					2		2					
[M1079N]	1128	1467	1275	1	5												1		1		2					1	
[S1096W]	1071	1451	1289	1	2	2		1	1						1					2	1	27	11	20			
[N1082S]	988	1337	1202	19	64	28	6	12	7	15	108	48	2	9			1		9	9	1	3	6	1		3	
[Q1078W]	1027	1408	1439		1														1			1					
[Q1078I]	1088	1417	1301	1	5			1				2		1					11	22	22	1	2				
[R1100D]	1006	1257	1162	1	1	42			11		1	26	1	1	104		2	46	4	1	189		1	3			4
[K1093P]	1124	1285	1241	18	26	8	4	2					1						109	9	9	2	16				
[L1101N]	1118	1407	1315		4	2				1									2			4					
[F1086C]	1083	1345	1312	28	7	21	6	2		7	9		2		2	2			2	10	4	4		4	2	1	
[R1100N]	1099	1386	1332	1	1													1	7	5	9		6				
[G1097F]	1048	1437	1353																	2		3	1				
[V1098P]	1087	1346	1385	3	1	5							1						1	2							
[V1094C]	1068	1225	1307	15	27	82	4	5	1	2	1	13	2	1	3	1	1		7	19	5	5	7	28		1	1
[A1076Y]	1105	1424	1302																								
[K1093Q]	1056	1272	1340	12	2	33	1			1		1	1	1	2	2	2	1	1	2	18	4		72		1	1
[P1099H]	1012	1427	1354		3			2	1	3			2	2	1	1		1		3			2	2			
[H1085A]	1100	1379	1323	2						1	1			2		1							5				
[V1089T]	1086	1424	1271	8	5	1					1		1	1	1			1	3	3		3	1				
[E1103L]	1063	1394	1340		1			2					2		1					2				5			
[K1092T]	1118	1371	1268	1	1				1		1						1		3	38	2			2		1	
[F1086D]	1076	1473	1241		3	2	1	1			1			1	2		3				2						
[E1103M]	1071	1389	1244		1	51		1	9			1	1	1	5			6		3	4	5		2	1		10
[I1104-]	1090	1357	1336	2	2	1														6							
[N1106-]	1110	1340	1307		8		1			1	1	1	1			2	1	10	1	1	1		2	4	1		
[S1091A]	880	1185	1053	49	95	152	8	21	14	4	25	52		4	3	10	1	23	24	88	56	25	8	3	2	2	4
[V1089Y]	1062	1388	1300	2	8	2	1		2				1					4	4	7	5					1	
[G1088R]	1115	1323	1347	1	1																						
[R1100V]	1037	1420	1299		1	1				1				1	2	2		2	1	1		7	4		2		
[A1090-]	968	1293	1304	23	32	32			2							5	5	3	15	18	6	47	6	21			
[R1100L]	1030	1422	1282	1	4	1		2		1	1	1			1	1	1		8	8	2		1				2
[A1087G]	1095	1392	1263		1				1		1		2					1	1	1		2	1			1	
[K1093S]	1012	1450	1276	1	1	2	1			1				1		1	1		1	5	4	2	1				
[T1083C]	1103	1356	1258	2	1		1		1			1	1	1					5								1
[L1101V]	956	1200	1043	32	39	118	1		9	1	4	1	2		2				91	16	27	142	28	5	1		2
[T1080M]	1036	1390	1270	1	1	2	1	1		2					2					5		5					
[T1095V]	993	1080	1100	33	12	142			6		3	3	1	2				6	66	4	23	59		158	4	7	12
[N1106K]	921	1156	1172	23	20	21	11	2	5	3	1	5	1	1	2		3	3	54	38	2	102	106	51	2	1	1
[K1093V]	987	1270	1214	1	1	96	1	3	34		3	7	3		26		2	16			11			4			21
[G1097H]	1039	1322	1319		3	1								1					3	1		6	1				
[T1095S]	1048	1383	1205	1	5	7			1	1	2	1					3	2	9	9	3	1	9	3			1
[V1089-]	1040	1279	1366	2	2		1													1							
[A1087L]	1017	1377	1279		3		2				1		1						1	2	4						
[R1100I]	1004	1353	1311		4								1	2				1		3	3	2	1			1	
[F1084A]	1084	1363	1221		2														1	1	1	2					
[F1086S]	984	1312	1340	1	12	6		2	1	1			1	2	1			1	1	8	1						
[M1079S]	1056	1322	1268		4														18	2	3						
[T1080W]	1002	1359	1272	2	8	11		1		4	1		1			1		6		2				1		1	
[S1096-]	968	1120	1147	95	55	148	17	5	24	4		8	1	2	1				29	8	28	7	2				1
[S1096P]	1102	1243	1208	1	4	2									1			1	59	19	9	3	2	11			
[T1095-]	944	1097	1017	32	33	54		2	1	3		1					1		304	141	25		5	1			1
[V1094A]	1011	1153	1239	14	39	34		4	4		2	2	1	1	2		10	10	3	30	5	8	86	2	1		
[F1086I]	908	1242	1316	59	15	13	11	1	2	28	2	11	3	1	2			2	15	10	8	7		2		1	
[I1104R]	1034	1348	1260	2	2	2																6	1	1			
[E1103A]	1028	1332	1245	1	6						2		3		2	1		1	4			18	1	6			
[S1091W]	1047	1301	1225	18	28	5				2	1	1							5	7	2	1		4			
[I1104P]	1043	1291	1299	1	5																		1				
[L1105G]	1034	1339	1231		5	3			2		2	1		1		1	1		1	8		4					1
[V1098A]	1014	1355	1256	1					1				1									1					
[L1101-]	1016	1280	1305		1														3	1					2		
[N1106D]	831	985	1059	48	105	144	16	20	54	28	57	106	1		3	5	15	23	23	16	23	3	17	14	1	6	4
[K1102-]	1064	1358	1171	3	3																2						
[K1093F]	941	1368	1276	2	2								1							3			3				
[K1092A]	1013	1258	1119		6	1	2	1		1					1				1	190	1				1	1	
[H1085L]	976	1327	1277					3		1				1			2		5	1		2		1			
[L1081M]	716	991	970	61	19	287	21	16	60	34		166	20	4	50	11		41	23	6	84	7	2	5			
[V1089N]	969	1298	1215	37	3	18	5	1	1	6	1	1			1			1	11	1	8	16					
[K1092E]	977	1321	1217	3	6	6	1	1			1				2	1			5	12	2	10	11	13			
[T1080K]	1019	1357	1182	1	1	1		1		1					1				1	10	10				1		
[F1086W]	1013	1173	1086	51	6	50	10		13	21	1	19	1	2		2		3	9		5	4	4	112		1	
[L1105-]	1049	1332	1191	2	1											5				1	1	1					
[A1087D]	984	1299	1271	3	2			1	1						1			1	3	5	1	3	6	2			
[Q1078C]	985	1326	1243		5										1				4	5	13						
[T1095Q]	969	1339	1233			4	1			1	1	1	1	3	1				2	10	8	1		3	1		
[V1089R]	998	1340	1221		3	1													1	2	4				5		
[F1084P]	1023	1287	1262																								
[A1076T]	930	1040	1022	16	10	19	3	2	4				3	1	1		3	1	36	30	34	73	173	150	6	5	3
[Q1078G]	1012	1320	1217		6																	1					
[F1084N]	934	1360	1248													1					1	5					
[I1104M]	1044	1288	1130	3	3	9				1		3		1			2	1	11	11	4	17	7	12	1		
[S1091K]	938	1142	1021	61	38	45		5	26	8	18	72		1	65				5	1	29	10	47	10			3
[P1099-]	944	1329	1255	1	2							2					1		1			2					
[F1084K]	983	1302	1247																								
[V1098D]	1037	1194	1292			1						2									1	2					
[R1100S]	1016	1243	1257	2	1								2		1		2			1	1	3					
[S1091R]	938	1216	1094	23	67	39	3	25	1	2	4	5			1	1			29	34	1	11	3	21	1	1	6
[V1089Q]	943	1322	1191	9	21	9		2			5		2	1	1	3		1	5	2	1	3	1				
[E1103D]	986	1307	1144		2	4		2		5	1	9	3	2	2	2	1		9	8		9	10	7	1	1	
[E1103G]	899	1237	1132	1		2	2			1				1		1	4		5	5		94	64	65			
[K1093G]	911	1250	1327		2	1				2	1		2	1					4	2	4	2					2
[P1099V]	981	1274	1208	4	1	1	1	1	1		1		2		2		1	3	11	7	2		2			2	
[K1102D]	971	1196	1181	18	16	30	4	7	5	2	2	2						1	36	23	8	1		1			1
[G1088C]	952	1307	1214		5	1												1	5	3		5	6	3	1	1	
[M1079K]	988	1294	1207	1							3			1	1		1			1		2					
[T1077F]	788	1121	1075	1		1			1	2								1	151	146	210						
[T1095G]	940	1321	1203	1	1			1			1								6	7	2	5	1		1		
[S1091F]	875	1066	1062	3	37	69		10	7				1	1					206	104	6	4	27		1	7	4
[R1100F]	964	1298	1217		4		1					1						1			2	1					
[V1094Q]	916	1192	1121	29	34	51	1		13	14	5	1	2	1	1	7			19	9	3	17	13	35	2	1	
[N1106E]	858	1066	1070	167	53	105	20	5	19	26	1	22	1	1	1	20		10	9	4	3	11	3		4		3
[L1081Y]	945	1278	1253		3																		1				
[N1082F]	927	1250	1122	8	12	11	4	3	5	16	18	39	7	6	4		6	6	3	6	6	5			1		
[N1106W]	976	1222	1231	7	3	2					1	1		2			2	2	5	2	3				1		
[L1105D]	1009	1205	1185	1	2	13			3			3			7	2	2	4	5	2	5	6	4		2		
[T1083H]	973	1294	1161		6				1					2			4		8	5	1	2				2	
[A1090H]	767	1048	1017	36	37	49	4	10	6	20			8	1	1	3	2	10	81	294	8	2	24	4	27		
[T1095R]	998	1237	1184	2	5	1				3	1	6	1	2	2		1	2	2	5	2			1			
[G1088L]	976	1278	1186		1	1					2			2						1		4			1	2	
[T1080P]	936	1268	1234		2	1										3											
[Q1078E]	924	1198	1203	2	4	8		1	1		1			1				3	14	9	1	33	26	9	3		
[V1094P]	990	1214	1198		2			1									1		13	5	6				2		
[V1098T]	990	1298	1127										1	1					3	2	1	2	2				
[N1106V]	921	1272	1112	2	45	24			1		1	1		1			2	1	2	20	1	2		1	3		1
[S1091D]	973	1212	1194	5	3	1	1			1					1	1			1	16				2			
[L1081G]	943	1287	1174		1												1										
[S1096I]	600	912	850	35	218	146	10	35	23	5	5	2					4	3	13	436	27	4	10	7	5	39	12
[L1105A]	1039	1136	1126	1	4	46		1	3		1	6			12		4	8	1	1	5		3		1		3
[E1103Y]	952	1205	1214			1	1		1				1						4	4	2	9	3	2			
[E1103Q]	957	1235	1156	3	1	3		1	3		2	5	2		1				4	3		10	8	2		3	
[T1095E]	954	1259	1144		3	2	2				1			2					14	6	7				2		
[R1100G]	986	1172	1185	3	2	2	1		2			2							8	10	1	11	4	7			
[T1080S]	968	1149	1088	11	14	15	1	2	13			39	1		15			1	7	11	7	15	14	11			1
[N1082A]	956	1238	1175	1																	4						
[I1104E]	994	1214	1156	1	2						1							1		2		2					
[G1097Y]	993	1217	1154			1																					
[L1101F]	947	1141	1124	8	6	7	2	5	2	4	5	5	1	5		2	2	1	16	8	8	17	26	13	1	3	2
[A1087M]	953	1214	1186																	3		3		1			1
[V1089C]	900	1191	1059	16	28	23		2	10						1		2	6		105	4	3		8		1	
[G1088D]	979	1220	1128	2	3	3			1	2									4	4		6	3	3			
[G1088P]	1004	1150	1194	1		5																1	1				
[F1084T]	929	1212	1190		1	3				1		1		1					3	3	2	1					
[Q1078T]	887	1227	1090	9	49	6		7	2	3	31		1	7					2	10	6		8			1	
[V1089E]	895	1179	1208	15	12	13		1				3	3	1						1	3	5		4		1	
[S1096L]	742	858	845	179	62	152	25	4	62	29		15	2		4		22	23	35	12	12	198	8	7	28	3	14
[K1092F]	982	1189	1137	4	3	3							1	2		1			2	1	4			11			
[V1094F]	887	1194	1125	2	20	16	1	2	1		5	1		1	1				14	14	2	22	18	5		1	
[Q1078Y]	912	1210	1203		1														5								
[M1079Y]	924	1236	1163		1							1	2						2	2							
[Q1078H]	868	1263	1150	4	1	2				1						1			8	2	2	13	8	5	1		
[I1104A]	943	1185	1174	1	5	2	1		1		1						1		2	2	4	2		4			
[V1098H]	931	1223	1152	4	1	3				3			2		1				4	1	2						
[G1088K]	916	1253	1151																			4					
[F1084-]	954	1241	1123																								
[A1087Q]	929	1227	1154		1																1						
[I1104F]	944	1204	1058	2	6	4	1	1	2	2					3	1	1		17	16	9	8	7	23	1		
[L1105W]	973	1214	1105	1	2	2										1			3	1	2	1	1	3			
[N1082V]	909	1153	1063	13	12	18				25	5	11	8	3	31	2			6	26	15				3		
[T1083A]	926	1175	1183	3					1	2	1				1					3			1				
[P1099M]	927	1275	1062	3	2		1	2	2	2				1		2		1	6	2			1		3		1
[I1104C]	936	1121	1076	38	43	30	11	3		1		1		1	1		8	4	4	3	3			1	3	5	
[P1099W]	946	1219	1093		2							2			1			1	12	6	1		3		2		2
[I1104W]	910	1261	1100	2	6	1				1			1							1		1		2	1		
[M1079C]	897	1257	1115		1	1			1		1									6							
[S1091-]	874	1208	1097	21	10	12				3			1					4	12	6	13	13		2			
[M1079H]	899	1168	1201		1	1													2	1				1			
[E1103F]	920	1206	1135	2	1										1				4	3	1					1	
[A1090F]	941	1199	1105		4	2		1		1				1		3			3	3	6			2		2	
[H1085W]	914	1192	1154	2															2		1						
[F1086Q]	780	1074	964	30	43	114	31	5	18	10	15	107	4	2		1	5	5	11	14	20		4	3			
[A1087-]	941	1132	1176		7																	1					
[V1089G]	879	1156	1179	1	4	1		1		2		1	1		1		1		4	7	3	6	1	1			1
[T1077E]	908	1168	1139		2								1		1				10	14	5				2		
[G1088M]	893	1208	1148																								
[H1085V]	875	1165	1198																5			2			3		
[F1084E]	940	1189	1113		1														1			1	3				
[R1100T]	930	1120	1179		5										1				4	2	2						
[V1098G]	919	1115	1118	5	4	1					2		7	2				1	51	1	2	1			1		
[N1106M]	905	1154	1086	9	6	30		7	2	2		2			1	1	1		7	8	2			2	1		
[M1079I]	875	1173	1144	1	4	3			2			1	1		1	1	1		5	4	2	2	2	1			1
[A1090R]	856	1175	1165	2	2			1	1			1	1	1	1				9	2	1	3	2				
[N1106T]	876	1055	1075	21	2	81		3	5	2	1	1			3			8	4	9	24	26	3	19	1		3
[L1081E]	968	1194	1047		2															5					3		
[G1097E]	866	1206	1116																1	2	3	14	5	6			
[M1079A]	883	1211	1116			2																3			2		
[F1086N]	877	1140	1161	3	5	3		1		2			4	1					6	7	3	1			3		
[L1101H]	931	1162	1116		2																	1					
[E1103S]	921	1162	1084		2	2								5		1				1		28	1	1	2		
[L1101E]	857	1229	1119																	1	1	1			1		
[K1102S]	885	1043	932	67	62	77	9	8	9	6	5	2	2				17	5	5	14	19	2	15	18	2	2	1
[V1098I]	889	1164	1108	5	4	2		1					1				2		15	3	2	5		2		1	
[G1097P]	900	1100	1182	1	1									1				1	2	13	3						
[P1099E]	889	1187	1102		1				1					2				1	1	6	1		4		1		
[P1099S]	926	1200	1044		1				2	1	1	2		3	1			1	2	8				1		1	
[G1097-]	883	1160	1139		1	2			1	1							1		1	1		3					1
[K1092-]	898	1175	1106										5	1				1			1	4					
[L1101S]	886	1146	1117	1	3	3				1									9	2		14	1	7			
[T1080C]	770	1022	1033	29	23	42		3	1	3	2			2	2		1	1		1	19	143	19	69			
[G1088V]	901	1196	1042	3	2	2			1	1								1	2	3		8	8	3			
[N1082-]	885	1195	1087	1																							
[F1084W]	864	1197	1101																1		3	1					
[T1083E]	879	1190	1080			3		2		1	1	1	1			1	4										
[G1097D]	909	1106	1112	3	2	2		1	2		1								4	1		6	12	2			
[G1097K]	880	1185	1080		1	1						2			4		1				4	2	2				
[H1085D]	915	1181	1062																			1					
[A1090I]	919	1176	1012	4	2	6			1				1	1	1				22	1		8		1	1		1
[T1083N]	879	1145	1115	2	2								2				1		2	5						1	
[T1077Y]	892	1140	1080	2		3		1								2	1		4	10	2						
[K1093Y]	879	1113	1110	1	1	1			1	1		9		1	5				3	1	1	3				1	
[V1094D]	872	1050	1042	3	6	7	1	4	2					1	1	2	1	1	16	25	5	44	25	14	2		1
[T1095D]	875	1127	1102				1	1											3	1	1	3	3	5			
[A1087T]	894	1093	1077		2	5	1			4		1			2	1			3	4	7	6	14	7		1	
[K1102E]	856	1021	1070	15	65	32	1	5	4	2	1						1		2	27	10	8				1	
[L1105T]	876	1076	1069	13	3		1			21	1		18	1		12	1		15	4		4	1				
[G1088H]	891	1163	1059	1	1	1																					
[V1089H]	880	1161	1014	4	6	4	1				3	1		2			1		4	6	6	5	7	3			
[T1083Q]	866	1157	1079	1																					1	2	
[P1099I]	909	1164	1006		1	1	1		2		3	1			1			1	3	7	3		2		1		
[V1094Y]	913	1040	1089	17		22	1		1			3	2	1	3			3		1	1	1		3	2		
[E1103I]	867	1129	1081	2			1		1			2			1					1	1	2		1			
[K1093A]	879	1101	1083	2	3	6	1		1	1	1	3		1		1	2			3							
[P1099C]	905	1108	1058	1	2					1		1							1	3	1		1	1		1	
[K1093W]	857	1153	1072		1																			1			
[K1093-]	829	1143	1094	1	1				1	1	3		2		2				2	2		1					
[A1076N]	824	1178	1075																								
[T1083M]	876	1115	1078	2														1	2				1		1		
[E1103K]	864	1145	1031	1	1	4			1					2	2				5	7	1	5	4	1	1	1	
[Q1078K]	834	1109	1071	1	5	2	1	1	1					2					7	3		16	16	3		1	1
[H1085R]	838	1125	1104		4					1	1									1							
[K1092N]	901	1082	1066		2		1		1	1		2							4	3		3	2	4		1	
[G1097W]	879	1107	1068		3														2	2	9						
[F1086A]	888	1051	1094	5	1	1							2					1	1	7	6	7	2		2		1
[H1085G]	920	1100	1037		1															3		3	1				
[F1086V]	828	1122	1080		4	8				1									3	2			3		5		
[T1080R]	897	1138	1004			2		1		1		1								2	4	3		2			
[L1081A]	849	1082	1115		1																3	3					
[Q1078A]	849	1142	1043	1	4			1		3	2	1	2				1			1			1				
[K1093D]	881	1094	1043	2	2	3			3	2		3			1			1	1	3	1			3			
[A1076G]	855	1056	1022	4	5	6	6	1	4	1			1	2			1	2	7	14	2	21	15	12	1	1	2
[T1095P]	895	1105	1017		1														4	10	3	4			1		
[F1084Y]	874	1106	1053		1	1														2				2			
[T1080F]	823	1164	1042		2					1	1								1	1			3				
[Q1078V]	834	1164	1026							2		3								1							
[K1093C]	856	1133	1012	1	3	2				2	1	3	1	1	1	1		1	6				1				
[H1085Y]	806	1160	1045	1	4	1													1	1		2	2				
[T1095H]	871	1092	1019		2	2	1		1		1	1				1			10	5		10	1				
[G1088T]	850	1085	1072	3	5																		2				
[K1093M]	836	1104	1018	1	2	2	1												5	3		23	10	8	2		1
[Q1078F]	863	1163	982		1																						
[T1083K]	854	1104	1032	4			1									1	1		6	2		1		1			
[K1092Y]	843	1060	1083		4				1		1	1	1						3	2		4			1		2
[K1092C]	826	1115	1035	3		3		1		1	2			1	1	1	3		4			3	4				
[F1084M]	867	1125	1001		1												1		1	3	2						
[T1083-]	827	1136	1034		1															1							
[A1090D]	670	800	771	36	144	115		7	34		11	7		2	1	5	4	8	6	333	5	11	5	6		15	2
[H1085F]	817	1092	1086												2												
[G1097Q]	852	1061	1069		1					2	1				1						2		3		4		
[G1088E]	837	1106	1042		1																1						
[T1080N]	693	876	821	11	54	24	2	17	12		52	10		96	50			1	31	184	23	8	11	5			
[L1081K]	893	984	1084	2		1																					
[S1096Y]	782	1089	1002	3	3	5		1	4	1	2	2	1	1	6		1	1	8	4	6	16	10	4	1	1	
[S1091N]	829	1081	1028	4				1	1		1	3	1			2				2					1		
[T1077K]	836	1020	1012	1	1	4				1						1	1		28	17	9	7	12	2	1		
[V1094K]	826	1009	1005	21	21	16		3	3	1	6		1			2		1	10	9	11					1	1
[H1085K]	865	1012	1057																		5	3					
[G1088N]	828	1085	1009	1		2													3	3	2				3		
[V1098R]	807	1132	973			4						1	1		2					8	2	3	1				
[Q1078L]	848	1015	1046		1														6		5		2				
[G1097I]	848	1047	1023		1																1	2		1			
[A1090W]	851	1016	1039		2	2	1									4		1				3					
[G1097C]	856	1051	966		1	4		2	1										15	4	2	8	3		1	1	
[L1101G]	902	1011	991		2														3	1		1					1
[M1079-]	816	1058	1029		1	1										1				4					1		
[A1087H]	813	1113	977		1	2						1							1					1			
[S1096E]	813	1073	1005			1			1	1	1			1		1	7			1							
[H1085E]	812	1030	1059	1	1																						
[T1083V]	884	1007	975	1	1	6									2	1				2	9		1		3	1	3
[I1104Q]	833	1052	932		1	23	1		36						1	1					10			3			
[M1079Q]	823	1053	992		2			1	1										7	12							
[K1092H]	807	1053	915	1	15	1				1				1	1		1	6	5	7	2	23	47	3			
[H1085S]	782	1074	1019		1					1										1	1						
[L1101P]	775	1081	1015	3																		1		1	1		
[T1095K]	816	1020	1013	1		3		1	3			2			1						1	10	2				1
[T1095F]	631	836	920	39		1	125	1	1	34	1	3	69			105			9	8	4	12			72	1	
[L1081I]	759	1053	1012	2	2	2			2	3		1			1		1	1	6	4	2	8	9	4			
[E1103-]	771	1039	1053	2	6															1							
[N1106Q]	777	1024	1020	13	4	6										1	9	1	2	1	1	2	6	2	1		
[L1105C]	797	1002	880	6	16	31			8		2	1								50	4	28	29	8			
[L1101Q]	823	1031	1001																	1	1	3	1				
[R1100A]	792	1054	989	2	2			1			3		1			1	1				1	9					2
[Q1078M]	804	1085	950				1													8	6	2					1
[V1089S]	806	1009	1020	2	7	3									1				2	1		5					
[N1106P]	819	1090	933								3	1		1				1	3	1		2	1				
[L1081P]	804	1037	1008		3					1									1								
[N1082D]	902	936	976	4	1	3						4								7				3			
[V1094E]	755	1019	999	9	15	11		2			5							1	5	3	4	1		1	2		
[T1083F]	850	1014	961	1	1										2					1							2
[T1095A]	786	1080	935	1	3	6	1	1			1	1					1		6	3	1	3			1		
[T1083D]	819	1000	1001	1	3					2													1		1		
[F1084D]	786	995	1028	3	2	5														1		1					
[T1080A]	761	1010	961	4	5	5				2	4		1						20	26	8	4	5	4			
[F1086R]	753	1067	968	1	5								1		1				5	4	1	3				2	
[F1086P]	859	1017	915	3	1																6						
[L1105H]	799	1013	970	3	2	1					1	1				1		1	2				1		2		
[L1081R]	779	1016	985	4	3															3							
[V1089I]	779	985	969	5	2	4			1	4	1		1	1	1	4			2	7		7	5	8	1		
[A1090K]	815	1012	901	15	3	2				14			1		1			2	4	3		9				2	
[A1076S]	729	993	905	5	9	12	8	2	2	1	1	1	10		2	1	7	1	17	18	15	16	8	4	5	5	4
[N1082P]	800	1019	952		1														1	1							
[L1105S]	768	954	1026	1		1			3			1			5	3		1		3	2			1			
[L1081-]	786	1049	927		1																	2			1		
[V1094-]	739	946	983	8	35	4								1					20	16	8			4			
[L1101M]	785	973	990		1	2						1	1						2	1	1	1		2			
[Q1078D]	778	1027	933	1	4								1						2	4	5						
[H1085M]	762	1035	939	2	1	2	1						1						1								
[N1082L]	784	983	936		1	7			2	1							3		7	2	3	1	2		1		
[L1081D]	789	985	957		2																						
[G1097S]	744	1006	956		8	1		5											3	3					1	3	
[A1087K]	775	972	973		4																		4				
[T1083I]	757	983	980																4		1						
[L1101W]	782	1057	878	2	2	1																	3				
[H1085I]	755	1015	948	2	1																			1			
[R1100C]	765	965	922	3	2	1	1	1		1									6	15	1	19	7	6		1	1
[A1076-]	698	1069	947			2																					
[F1086-]	735	1044	923	2																6	2	1					
[R1100Y]	736	1007	952		1		1	2					1		1					3	2						
[L1081F]	766	988	930			2							4		1				2	2	1	2	2		1		1
[G1097V]	753	940	960	1	1			1									2		11	7	5	4	6	3			
[I1104T]	702	1009	931	2	1	9			1			1	1						4	4	2	10	6	6			
[T1077R]	705	948	897	4	7	2	3	2	2		1		1			1	1	2	17	7	3	26	34	22	2	1	
[L1081H]	745	863	864	10	7	19		1	1			1	1			1	1		26	15		37	52	34	3		
[G1088Q]	755	975	937	1		1													4					2	2	1	
[N1082W]	759	970	928	3	2							5						6		1	2			1			
[M1079R]	745	999	924												1					1					2		
[T1080Y]	748	992	916			1				1	1			1			1		2		1	2					
[V1098W]	724	987	931	1		2					2		1	1	2				4	5	3						
[L1081T]	766	1004	890		1		1																				
[K1092P]	790	965	853		2		1												1	20	24	3					
[T1095W]	729	977	921	3	4	2	2	1				1	1			1	1	1	2	1		2		1	1	2	2
[G1088Y]	749	980	919		3														3								
[K1093T]	763	958	901	1	3	2	1	2	1	2		1							1	1		6	1	1			1
[N1082K]	647	942	947	8	5	8	3			1		2	2	4				1	12	14	5	15	16	10	1		
[G1097M]	760	941	921																								
[L1081N]	756	1019	836																			1					
[T1080-]	775	952	878		2	2														1							
[V1094W]	798	856	933	6	1	3		1						1				1	5	2	1						
[S1096H]	684	982	884		3	3			2	4	7	7	1	3				1	9	4	2		1	1			
[T1077-]	770	885	934																	2							
[S1096D]	726	950	873			1	1		1		1	7			1	1	1		13	4	1		1	5			1
[K1092Q]	758	908	874		4	3					1	1			1		1		5	6	8	4	5	7	1		1
[V1094N]	776	894	883	3	6	1				1	1		1	1	1		2		2	8	2	2	1	1			1
[V1089M]	723	982	871	2	1					1	1			1			2				2			1			
[T1080G]	731	952	846		1	1													11	11	30		1				
[K1093L]	718	956	878				1								1						4	9			1		
[H1085-]	763	964	832		1																						
[T1077P]	706	955	868		1	1													14	4		3	4				
[T1077G]	704	894	847						1	1			1						26	14	48						
[N1082G]	720	930	877	7	2																						
[L1081Q]	626	980	919																			1					
[L1081C]	733	876	901		2					1										3	2						
[F1084C]	698	939	866																4								
[A1087I]	709	891	889		2														1	3	3	1			5		
[R1100P]	736	932	819	3												1			5								
[H1085T]	753	907	833			3																					
[S1091G]	675	890	874	13	9	4		2			1		1						6	2	3	4			2		
[M1079L]	686	876	852	3	1	11	1	1	2	1		1	1	2			6		11	8	1	7	11	3			
[A1087Y]	679	931	858		5									1													
[L1105K]	728	909	819								1						2		3	6	3	1					
[M1079E]	688	880	883	1	1																						
[A1076F]	646	932	856																3			1	3				
[N1106A]	269	413	390			190	7	4	178		1	239			170			123	61	38	26		20	17			289
[N1106R]	675	910	831	1		4				1	1								1	3			1			2	
[R1100K]	621	928	851	1	7	1				1	2	2	2	1					5	2	2	1				1	
[A1087W]	681	894	843							1													1				
[F1084R]	641	855	914		1																	2					
[G1088-]	657	905	840		1					2			1						2		1	1					
[F1086E]	680	847	848		5	3				1									5	7	3		1		1		1
[A1076L]	665	873	858	1	1										1		1				1						
[G1097N]	662	917	815	1	1																				1		
[F1086G]	690	870	829			1								1													
[L1081W]	682	898	801		1																						
[A1087R]	693	843	837		1																						
[L1101K]	661	864	843		1																						
[T1083R]	652	908	795		1	1							2		1			3		1		1					
[R1100H]	655	836	790	1	7	4		1	2	1		2	1	2			4	2	5	3	10	24	11	1	1	1	
[G1088S]	660	896	796		4															3							
[A1076M]	649	854	816																2	2		12	8				
[G1097R]	713	835	769	3	1							1		1		1			6	2		4					
[F1086K]	693	794	821	7		2				1		1	1						1	2	9						
[G1097T]	658	854	805	2	3	1																					
[T1077V]	633	782	727		11	32	3	1	2					1					4	119	6	1					
[T1083Y]	652	869	784		1	1			1	1		1		1					1		1						
[L1105P]	659	852	796																2	2							
[M1079V]	604	833	749		3	2							1		1		5		26	4	3	34	3	37	2		2
[I1104S]	685	845	769		1					1									5	1							1
[A1087V]	625	837	787	2	1	6	1		1	1				1					4	7	7	3	8	1			
[G1088F]	636	860	788																			3					
[T1080D]	628	848	799																1	3		3	4				
[T1080E]	670	777	821		5	1				1	1			1		1	2			1			1	1			
[H1085N]	665	858	760																								
[H1085P]	703	806	755																								
[T1080Q]	589	739	683	18	30	27	1	1	1	23	2	69		1	6		3			11	38	1	2	6			
[S1091Y]	664	746	764	9	13	14	2			1	2	4		1				1	11		4		2	1			
[E1103T]	593	822	809								1		1								1	6				1	
[K1092G]	628	831	747	2	5	3								1					1	9			2				
[E1103H]	642	827	745		1				2	1	2				3				2	1	1	2					
[L1105E]	614	826	781	1	2				1													2					
[F1084V]	612	766	849																								
[T1083L]	647	785	777		2															1			2				
[I1104H]	643	796	746		1											1									2		
[L1081S]	637	802	742													2				1					1		
[N1082H]	638	764	768		2							1								3	4						
[V1089K]	622	810	737			1							1			1				3	2				1		
[T1083W]	625	774	738																								
[M1079W]	596	789	735		1	1			1	1				1					5	1	1	1					
[M1079F]	621	762	728		8	2		2					1	1			1	1	1	1	1	1					
[A1076I]	584	790	687															1	16	2	12	10					
[Q1078N]	549	807	721		3						1			2					2	3	2	1	1				
[L1101R]	558	820	711																								
[M1079G]	579	761	729			1								1	1				2	1					1		
[T1083G]	653	723	678		3	1									2	1				1		1					
[M1079D]	562	762	731	1																2	2						
[L1105Q]	580	791	671			2													2	1		3					
[N1082Y]	591	671	744		2	2						1	2							6	1	1	1				
[F1084L]	591	725	696		2				1			1									1	2	1	2			
[H1085C]	554	722	727			1										2											
[A1076W]	507	683	683																				2				
[A1087N]	558	676	631		3																	2					
[F1084G]	516	694	629								1		1						2		1						
[A1076K]	525	678	611	1	2																						
[T1077I]	474	727	571	1	4									2	1				6	16	8		2		1		
[Q1078P]	521	657	588																	1		2	1				
[Q1078-]	351	404	401		1																						