mutation	SC-Leu pre 5FOA_1	SC-Leu pre 5FOA_2	SC-Leu pre 5FOA_3	SC-Leu+5FOA_1	SC-Leu+5FOA_2	SC-Leu+5FOA_3	SC-Leu post 5FOA_1	SC-Leu post 5FOA_2	SC-Leu post 5FOA_3	SC-Leu+MPA_1	SC-Leu+MPA_2	SC-Leu+MPA_3	SC-Leu+15mM Mn_1	SC-Leu+15mM Mn_2	SC-Leu+15mM Mn_3	YPRaf_1	YPRaf_2	YPRaf_3	YPRafGal_1	YPRafGal_2	YPRafGal_3	SC-Lys_1	SC-Lys_2	SC-Lys_3	SC-Leu+Form_1	SC-Leu+Form_2	SC-Leu+Form_3
[WT]	1299596	1355587	1206903	2424443	2107765	2216496	2462586	2242703	2107200	2210953	1949164	2150484	2316399	2119167	2073264	2002885	2160757	1955601	492223	372834	515497	2809012	2121618	1767450	2115754	2288774	1654150
[T823A]	102072	101670	105469	2341	3690	5210	832	940	901	4498	3547	4978	9977	13473	17673	645	758	615	277271	211377	250501	863	3732	540	379	753	592
[A1076T]	727	819	840	86	154	423	41	39	110	65	58	126	284	321	1065		7	19	40485	35195	93363	6	31	20	3	4	27
[A1076V]	1095	1030	1125	27	49	37	4	15	4	25	32	5	36	121	25				40178	33834	23795	2	6	1			6
[T1095Y]	1083	1020	1037	387	370	252	135	177	75	2250	1557	1045	1349	1262	822	45	89	32	33500	28483	24073	29	11	9	2	10	4
[K1092P]	646	728	700	18	63	113	2	11	2	5	18	26	5	42	27				3823	35233	43882		10	8		2	4
[A1076C]	1244	1147	1217	120	144	169	77	45	26	480	649	505	239	825	617	7	14	2	21604	25141	16311	13	17	2	1	2	3
[A1090E]	1074	1069	1093	77	142	206	19	19	82	187	234	807	227	524	977	15	18	29	13564	20836	26845	17	15	5		1	3
[A1076I]	572	533	613	122	60	189	38	6	45			1	28	6	76	5		9	36797	3993	22827	10	8	14	3	3	3
[E1103W]	1050	1133	1090	215	713	428	76	299	149	134	501	234	216	762	336	9	79	24	10549	29989	10700	14	65	17	4	26	10
[M1079T]	1021	1129	1138	279	392	496	158	132	232	339	222	320	794	468	790	28	41	34	21868	13191	12481	40	49	28	12	12	19
[L1105M]	4034	4072	4084	115	137	283	16	27	32	411	157	427	621	486	940	14	21	24	14443	7434	14002	37	131	25	5	6	9
[R1100Q]	1044	989	1036	164	199	306	48	28	119	153	167	392	197	146	427	12	14	36	20295	8858	12358	8	9	8	3	7	2
[T1095Q]	919	1010	890	254	601	216	143	275	60	1324	4587	726	374	2059	417	83	174	46	6325	20616	4711	11	21	13	16	10	7
[T1095I]	1052	1238	1013	694	977	524	376	357	442	4819	5486	3821	1628	2376	1632	219	365	292	5207	6100	3843	52	46	32	33	31	25
[K1093H]	1226	1401	1391	672	1261	1153	614	923	683	5775	7816	6605	1887	3164	2291	295	505	545	1436	1402	1011	59	88	45	57	93	87
[S1096F]	1270	1381	1255	1871	1900	1765	1901	1961	1668	3991	4304	3836	2824	3104	2420	921	1507	991	364	239	239	156	140	92	882	922	556
[R1100L]	1062	1077	1213	56	279	377	52	138	59	563	862	655	254	788	738	14	36	37	7519	11751	11916	2	15	22	1		3
[E1103D]	1125	994	1048	794	594	757	594	390	587	8519	3364	4967	2127	1221	1574	325	131	209	5854	1621	2208	67	56	53	73	105	95
[T1095R]	866	996	1002	730	1171	1352	474	626	873	3560	3924	4873	1433	2246	2726	184	412	440	3446	2949	3159	43	60	61	54	87	128
[R1100M]	1085	1302	1145	34	381	217	25	131	30	329	839	424	83	1092	212	3	56	9	4665	20384	5299		31	9		9	6
[M1079S]	962	974	939	84	62	18	34	22	10	39	14	10	38	32	13	17	4	5	23915	7134	3462	1	4	1	1		1
[S1096H]	706	859	763	493	1437	977	374	1182	936	2769	8396	5393	1856	3739	1887	217	734	424	826	1866	1123	20	106	51	58	218	116
[S1096K]	1063	1130	1137	121	336	201	44	103	76	348	1236	406	464	1354	632	32	73	45	7732	14052	6533	8	21	7	4	3	1
[S1096V]	812	782	775	713	677	531	211	296	225	3940	3056	2130	2030	2282	1674	142	230	171	6255	6037	3802	77	31	19	6	5	5
[S1091Q]	1123	1272	1274	285	585	298	84	240	131	1609	2458	863	738	2013	620	49	121	24	6379	12489	3875	17	29	5	3	3	2
[S1091I]	1002	1046	1044	77	58	208	41	3	43	136	110	565	231	210	965	1	30	27	9098	4488	16401	5	9	8	1	1	4
[T1095H]	777	834	860	175	185	257	121	103	147	1546	1283	1644	416	569	836	48	34	44	10938	6845	7738	19	12	15	2	3	4
[T1095L]	647	793	697	88	211	214	21	15	28	170	367	487	125	573	530	1	62	62	3597	11627	13881	6	9	8		2	1
[S1096C]	819	873	930	100	210	306	52	84	50	545	661	648	597	829	880	21	48	20	5846	10664	9725	7	13	18	2	1	3
[S1091C]	1082	1092	1046	1275	1164	1590	1205	1015	1310	4191	3666	5183	2079	1843	1957	673	645	852	392	178	351	135	86	69	203	255	185
[N1106H]	1136	1025	1098	88	35	66	6	1	3	98	18	47	465	119	284	1	1	9	18656	4213	5846	9	10		1		3
[N1106C]	1064	1065	1055	183	88	111	34	5	11	614	90	143	739	208	567	21	49	12	16577	3678	6108	28	6	4		37	1
[T1095E]	910	850	889	64	47	185	19	7	63	258	159	691	99	131	248	5		20	5068	6444	15848		18	12	13		3
[L1101F]	863	1145	973	150	1490	860	159	1065	614	1444	9522	4644	383	3312	1661	66	738	319	397	909	703	18	91	33	34	232	74
[K1093Y]	894	952	1087	284	1033	2982	108	710	2001	850	3207	8772	355	1884	3899	116	508	1157	40	89	250	13	85	144	36	155	277
[K1093Q]	905	901	895	135	120	104	47	24	14	418	313	256	349	528	371	5	12	18	11099	7466	7662	9	5	4	6	3	4
[V1089I]	824	870	781	1144	1092	508	1107	927	502	6822	5690	2594	2290	2035	960	500	605	158	793	506	217	84	65	26	187	211	63
[S1091N]	908	863	869	2114	1334	1174	2129	1128	1082	3808	1848	2053	3587	1387	1484	1429	975	659	608	194	147	187	66	68	580	398	298
[K1093V]	1011	1086	1044	1355	1455	1810	1942	1263	1447	1787	2037	2391	1850	2143	2021	612	789	937	109	93	121	113	83	81	704	749	717
[A1090G]	1007	926	1048	60	126	45	10	36	1	211	191	39	175	472	122		2		18537	4856	1425	5	13		1	1	
[K1092A]	883	908	943	56	148	250	12	29	71	436	458	943	224	327	718	1	27	7	4525	6877	9547	8	6	13	2	3	3
[E1103Q]	934	1139	1038	590	1871	1741	719	1575	1556	749	1993	1733	1040	3604	2463	206	684	432	502	648	504	41	121	70	175	705	324
[K1093G]	950	1060	974	386	440	308	187	230	169	4121	3290	1452	889	1195	639	98	141	77	3628	3978	2776	29	23	15	4	5	7
[E1103Y]	961	1004	1012	590	574	984	435	408	455	561	411	910	645	906	944	156	174	174	7217	2965	5073	56	51	37	59	109	117
[R1100K]	577	628	694	267	311	336	157	242	198	1645	1531	1234	504	887	703	69	70	61	6879	5553	4161	15	17	15	8	15	12
[T1080L]	807	892	962	516	695	1053	319	427	527	2714	3389	5816	1050	3433	2412	212	447	368	52	68	86	33	24	50	71	99	122
[A1090H]	735	737	767	101	74	85	3	17	26	278	191	278	277	180	199		14	3	10382	6918	5281	1	11	4			
[M1079Q]	781	829	857	36	76	53	5	17	7	9	29	25	52	48	30	14			13614	6343	3258	8	1	3	2	2	2
[K1093P]	852	794	804	53	13	4		5	3	72	18	9	24	93	40				13313	7060	2913	5		3			1
[K1093T]	948	784	915	1941	424	1438	1520	372	1142	3630	770	2523	2593	642	1949	715	176	811	290	148	402	143	15	70	706	217	497
[L1101I]	975	1086	1026	75	232	131	8	81	49	282	577	479	366	1001	536	9	23	20	4327	9910	4265	8	20	6	1		3
[A1090C]	959	987	1041	41	77	109			5	79	66	115	53	467	195		1	1	3353	8545	8815	2	2	2			2
[K1093S]	990	1007	1010	45	99	319	5	54	105	148	698	845	168	380	909	4	20	44	2434	4631	10955	8	5	6		1	3
[T1095G]	933	928	945	70	17	75		8	10	87	55	146	37	21	87			1	10432	4128	6681	2	24	1	1		2
[K1093C]	798	881	898	797	894	1451	726	919	1114	2233	2646	3766	1295	1631	1754	365	424	623	116	101	196	62	109	52	160	254	307
[N1106L]	1074	1088	1144	17	83	113	1	1	17	40	118	300	59	493	789	7	20	11	3060	9266	6777	3	16	8	2	1	1
[I1104C]	789	815	838	84	68	119	12	21	11	233	81	123	137	248	357		6	6	8740	5337	6418	5	12	11			
[K1092E]	859	990	1046	186	175	678	159	111	227	1416	889	1995	568	592	956	27	29	143	4404	2680	6255	12	13	33	3	4	7
[A1090F]	812	814	918	16	68	111	7	14		131	125	438	33	291	283	5	9	8	3977	7211	8686		2	5		1	1
[E1103M]	1007	1105	1134	567	1000	2165	270	698	1482	436	808	2016	979	2027	3220	134	285	699	899	645	1382	39	54	94	65	249	456
[S1096Q]	722	731	721	353	519	427	176	312	195	1869	3966	3271	869	944	1118	74	222	130	2087	2820	2255	26	38	18	13	15	17
[E1103N]	1202	1294	1372	1147	1159	1527	775	626	865	514	444	545	1411	1608	1530	365	280	300	3041	1091	1043	110	125	72	292	366	298
[V1098M]	1344	1404	1383	120	265	330	9	66	54	188	460	373	490	1748	1531	15	77	65	2951	4565	5664	9	23	7	1	3	4
[M1079V]	566	585	660	39	129	579	87	40	234	157	299	1025	159	331	1446	30	37	87	1729	3229	11211	4	34	25	1	3	4
[S1096Y]	767	781	797	1000	946	1004	1049	816	1015	2566	2161	2112	1575	1345	1221	410	734	387	225	213	155	76	145	58	279	462	305
[K1092H]	654	642	720	91	79	108	19	19	31	470	424	333	158	299	294	26	19	5	6513	6879	4730	5	9	8		4	1
[R1100H]	584	644	667	131	197	603	162	116	290	1117	730	1753	264	666	1184	30	18	56	3609	2981	6320	14	23	14	8	5	14
[K1093I]	1216	1303	1256	1424	1250	1233	899	935	691	1349	1019	762	2119	1738	1347	488	325	387	163	78	73	101	79	40	690	621	282
[I1104L]	1102	1132	1180	34	80	148	5	14	12	131	130	70	306	510	479	12	13	5	4523	6764	5089	11	11	5	1	4	2
[S1096L]	551	589	666	91	113	215	36	43	79	454	350	399	315	511	933	3	10	36	4802	4613	6923	15	5	14	1	2	2
[T1095D]	828	859	843	39	54	81	3	8	17	93	141	151	80	101	110				5572	6442	6226	3	2	7			1
[S1096A]	722	761	716	67	165	131	34	51	66	278	468	535	154	712	557	13	35	25	3267	8275	4505	9	16	7	11	11	20
[A1076S]	640	781	758	86	307	239	43	130	69	290	348	242	158	719	586	1	23	4	2963	6849	6241	19	26	19	2	12	5
[T1095S]	896	952	1052	24	68	40	19	13	24	116	130	80	28	265	189	1	3	7	5987	7641	3983	1		1			2
[L1101T]	980	1064	1134	526	1452	1583	364	946	1090	481	1143	1354	1076	3389	2839	150	232	333	155	380	199	31	82	67	98	169	182
[L1101C]	1072	1130	1216	399	774	993	197	288	507	2006	2556	3941	648	1308	1485	55	183	199	689	556	950	30	37	53	8	18	14
[E1103C]	1407	1458	1522	1136	903	1321	782	559	709	632	568	742	1364	1756	1536	340	217	398	1713	654	634	88	52	66	201	269	257
[N1106V]	854	935	869	24	85	20	4	29	1	31	157	91	104	523	182	9			2962	11729	2535	5	8		1	3	
[V1098H]	868	840	941	85	137	204	20	34	26	312	163	350	294	564	734	24	13	10	4948	2708	7652	2	11	9		2	1
[F1086L]	866	871	887	65	317	335	43	60	110	493	1215	1508	423	1014	1238	8	93	87	1805	4352	5103	6	15	13	4	2	5
[K1092Q]	672	745	724	31	132	93	11	25	24	196	391	234	232	441	221		49	5	2872	8787	4773	23	18	11		2	1
[T1080I]	714	749	715	547	501	582	396	319	530	3057	2791	3712	1217	1379	1631	209	124	265	380	159	231	38	45	37	15	36	36
[T1095F]	572	621	627	8	39	140	5	20	34	52	88	322	37	209	403		1	20	1354	4809	10565	3	1	2		1	1
[I1104Y]	1112	1019	1123	239	256	520	83	127	113	436	287	593	489	508	490	42	94	69	5637	2445	3851	26	23	9	3	15	4
[E1103A]	994	1063	927	823	1391	1357	736	778	1164	372	416	527	1243	1761	1458	283	260	242	1335	668	551	89	60	52	234	370	252
[M1079W]	523	574	598	219	86	204	86	12	56	527	167	579	505	312	668	31	12	36	6518	2364	5293	18	5	9			2
[K1092W]	1203	1275	1289	687	673	1509	548	461	739	1880	1420	1926	1424	1096	1510	208	245	345	163	28	126	39	36	99	102	129	172
[S1096M]	591	578	639	164	50	77	42	19	28	584	151	234	870	232	446	60	10	17	9015	3036	2434	23	6	12			1
[S1096N]	833	820	852	64	102	236	28	37	156	486	469	142	366	409	389	11	25	146	4991	5573	2837	4	7	6		2	201
[A1090Y]	975	948	934	101	137	266	65	59	78	250	748	717	167	324	467	14	32	16	4164	4431	3996	6	8	20			1
[I1104M]	816	900	887	92	246	200	34	51	41	395	697	1050	373	692	800	22	30	41	2321	3662	5375	7	5	20		6	3
[K1092V]	957	903	1028	37	64	171	14	15	39	220	99	382	599	315	483	19		9	5075	2449	5665	11	3	5		1	
[R1100A]	712	788	742	77	110	63	55	9	25	552	446	181	226	211	80	1		5	5223	5747	3203	3	6	3		8	3
[S1096D]	772	718	813	270	325	411	117	248	209	1913	2472	2305	501	834	1530	52	154	74	1487	1564	1487	16	21	13	33	47	54
[E1103V]	1091	1080	1094	498	1087	919	566	766	461	534	888	904	799	1826	1132	152	378	238	1794	1009	764	40	64	55	78	129	92
[K1093A]	872	824	890	358	188	579	317	150	319	3193	2068	4273	713	451	1170	157	59	214	499	143	544	32	23	37	19	11	22
[K1102I]	1017	1084	1169	1032	22	69	571	2		756	10	12	718	112	148	589		3	4715	1994	3181	48		2	676		1
[T1095M]	939	1029	1014	21	76	52	2	38	3	25	162	87	176	158	228	1	47		3661	3157	6795	1	2	2		24	1
[N1106-]	950	997	951	84	49	100	5	14	6	158	129	170	255	221	99	17	9	1	7448	3196	2763	4	4	4			1
[K1092D]	874	917	886	49	121	143	29	40	55	200	560	445	142	232	240	12	16	8	3290	4800	4498	2	15	14	1	1	5
[N1106T]	766	724	842	20	120	23	5	15	1	36	159	51	93	289	148	3	8	6	2250	9202	2761	5	7	3	1	1	
[E1103F]	887	893	938	549	641	488	359	288	203	484	505	470	752	608	347	135	167	113	4705	2193	1095	64	42	28	62	74	36
[M1079I]	822	838	888	14	132	214	16	17	53	154	440	808	42	333	634		27	35	1536	4027	5981	1	19	7			1
[I1104F]	961	916	938	48	60	155	14	34	34	206	227	451	224	334	664	8	30	41	2468	3849	5311	10	14	11			
[T1095V]	778	815	794	79	85	87	19	9	21	238	295	459	291	223	414	4	33	27	4615	3454	4147	18	10	6	2		2
[A1090L]	970	908	951	8	38	35	4	4	8		134	87	30	235	130		12		1524	7520	4129		12	2			
[K1102R]	865	878	940	44	35	85	13	1	7	22	13	57	62	107	387	1	4		5946	2124	4783	1	3	4		1	3
[S1096I]	580	616	534	336	135	308	146	65	109	1796	757	1795	730	350	670	155	67	147	2696	1263	2303	20	9	10	5	4	4
[L1101M]	711	701	832	230	76	257	98	31	112	656	192	513	439	150	598	30		24	6797	732	2301	13	14	18	2	4	26
[N1106I]	1124	1188	1150	29	32	28	9	2	2	86	55	10	151	174	187	9	1	5	6679	2738	1848	2	4	5	1	2	
[E1103S]	855	1018	894	417	1687	1154	243	967	607	88	440	278	374	1789	842	135	341	206	473	663	371	26	81	34	82	480	168
[N1106Q]	762	675	787	38	69	19	11	7	7	149	40	10	75	257	30	3	25	4	6483	3999	1099		8				2
[R1100C]	710	783	805	13	94	83		17	17	14	78	57	16	146	43	1	3	16	1517	5454	4232	1		11			
[I1104A]	825	858	890	10	100	75	4	9	16	11	114	211	11	472	279	2	10	1	1853	5124	3195		3	2	1		1
[E1103G]	923	978	955	846	832	799	607	493	489	252	201	221	890	860	550	174	243	128	1510	484	385	163	194	103	223	317	180
[E1103I]	745	757	862	141	336	836	70	246	496	542	1022	2138	254	698	1244	109	67	211	501	1353	1164	12	21	44	7	44	66
[T1080M]	955	1033	998	174	303	409	66	169	133	1472	1506	2318	763	1014	1495	82	133	102	172	177	154	17	24	17	5	3	13
[E1103H]	609	594	616	643	425	589	403	220	401	343	196	275	698	556	579	129	59	124	3789	760	992	73	31	33	165	66	87
[A1076L]	629	738	730	169	525	1043	128	319	849	221	330	1272	440	1495	1811	34	138	316	432	469	766	3	48	59	38	106	203
[V1098I]	859	841	874	67	35	50	4	9	8	52	48	27	242	144	209	1	7	2	5470	2422	1843	7	11	1			1
[N1106R]	691	704	715	232	192	483	134	65	181	1811	638	2292	686	210	1339	48	13	114	883	303	1142	31	8	17	1		14
[R1100T]	829	917	994	45	20	42	18		3	19	11	14	15	13	15				6776	1537	1591	1		3			
[M1079C]	827	898	958	269	539	570	144	228	348	395	833	1364	344	1569	1312	21	101	185	449	628	591	19	38	40	17	40	41
[S1091D]	856	835	929	21	23	32	7	4	2	135	49	52	83	70	21			1	5248	2498	1728		3	4			
[R1100G]	965	890	995	20	17	31	3	9	1	4	4	3	11	2	11		1	1	5510	1620	2221	1	8	3			
[S1096E]	714	703	735	460	611	617	272	552	473	671	1007	1333	542	883	1012	189	315	281	86	47	77	38	30	20	114	262	213
[E1103L]	969	1002	976	290	371	999	70	288	476	267	359	1050	331	485	912	22	149	229	861	482	1340	27	15	34	40	73	121
[N1106S]	621	566	615	17	52	86	1	6	12	71	89	224	106	265	513		1	4	1366	2770	4810		2	7		3	2
[N1106M]	781	721	714	18	41	22	9	6	5	4	141	61	8	166	29	2	4	4	3012	4717	1714	5	13	4	2	3	1
[L1101A]	972	1041	995	68	164	250	93	49	82	314	384	498	235	606	606		27	14	1348	1760	2406	6	21	8			3
[V1098T]	864	853	934	85	4	11	14	1	16	150	21	7	268		89		1		7962	123	521	9	2	4			
[I1104T]	731	721	753	29	55	39	11	10	11	36	46	35	118	315	147	1	1		3886	2794	2164	4	8	3	4		
[R1100I]	986	994	1019	14	35	57		14	15	13	36	57	27	53	18	7	3	5	1444	3655	3455			3		2	
[M1079Y]	877	842	972	14	19	66		2	3	4	4	26	4	14	46		1		3115	2095	3483		2	1			
[S1096W]	1051	1121	1155	323	818	1617	251	358	740	36	64	132	289	785	896	68	130	164	40	73	88	70	81	92	82	540	396
[K1092Y]	792	819	772	91	197	165	18	79	81	711	874	922	143	419	356	3	38	27	1739	1924	1219	12	15	5	1	2	2
[K1102G]	1148	1204	1307	14	18	109		1	11	4	20	48		130	87		2		531	3688	3090	2	8	2			1
[R1100N]	956	1045	1086	11	29	50	4	3	11	15	5	9	5	10	11				3317	1777	3064	3	2	4		3	1
[M1079L]	657	648	668	17	96	88	29	14	17	44	488	275	92	372	207	7	42	6	1158	3975	2442	4	10	2			2
[G1097E]	819	791	935	19	4	257	4	2	75	1					2			10	2236	94	5735	6	14	111	8		23
[V1089M]	699	642	711	47	34	134	5	2	28	129	137	583	77	62	210	6		7	2172	890	4332	1	5	1			
[N1106K]	802	786	757	38	72	187	4	2	174	47	124	1478	91	176	505	15	10	192	1705	1834	1347	5	7	11		2	131
[A1076M]	591	592	595	14	23	33	2	7			1	3		2	6				2067	2020	3921	1	6	5			2
[K1092M]	1081	1123	1149	25	59	32		5	1	29	145	4	82	204	7		20		2401	2786	711	5	9		4		2
[R1100Y]	720	781	835	30	82	58	2	122	13	38	170	110	59	224	69		47	1	797	3115	2394			3		30	3
[T1095A]	685	755	764	6	38	23	1	10		30	48	4	2	165	11		7	3	1608	4474	952	1	4	4			
[K1102N]	1205	1271	1249	13	43	38	1	2	4	37	13	65	29	121	149	8	2		1119	1782	2216	2	5			6	2
[E1103K]	868	893	978	209	335	384	125	255	306	136	398	319	200	677	505	52	130	85	403	153	168	1443	31	33	30	141	105
[N1106G]	747	756	773	31	18	29		1	20	35	30	21	146	1	43	1		5	2772	653	2734	6	5	1	1		
[M1079H]	893	875	897	14	23	17				2	3		4	6	3				4214	963	813	3	2				
[K1092F]	832	812	930	48	46	72	3	17	42	101	107	225	84	106	204	6	11	6	1726	977	2331	2		1		3	
[E1103T]	572	608	645	174	441	738	143	213	365	71	308	396	211	647	876	29	99	182	378	382	590	14	48	37	25	122	101
[L1101V]	742	780	846	61	32	87	10	3	15	31	16	93	306	254	197	11	13	8	1545	1014	2234	3		3	1		
[A1090D]	544	498	618		21	57		1	9	2	20	46	4	114	188		16		297	2319	3538		5				
[A1090M]	955	962	1024		8	30		5	2	5	7	26		67	117		1		112	1567	3386		1				
[N1106A]	303	272	327	66	5	42	5		19	220	6	132	349	118	233	10	1	1	3578	493	1951	4		8			1
[I1104S]	564	556	570	49	97	64	22	146	23	129	95	109	158	168	192		227	27	2148	469	1801	3	4	2		32	9
[N1106W]	887	851	818	4	10	11	1		4	3	4		51	82	1		2		1432	2021	964				1		
[I1104V]	935	880	862	6	29	7	5	8	3	10	42	3	10	154	38	3	1		697	3221	179	6	14	4	1		
[V1098N]	1356	1200	1348	11	8	208	2	9	119	20	2	73	20	56	247			33	1216	282	620	1		13			131
[R1100S]	939	966	991	6	29	20		1	4	2	3	36	18	15	8			4	749	1956	1204	2	2	2			
[I1104N]	909	873	895	17	42	55	2	9	42	14	32	49	63	127	131	1	1	5	1489	1175	991	4	14	5		3	5
[K1092I]	876	911	988	9	38	39	1	10	12	2	17	14	1	287	360	1	2	4	14	2102	1243			3			
[V1098F]	1114	1050	1110	9	84	73	5	3	25	4	47	46	106	602	483	6	7	6	349	856	639	1	9	9			
[A1076D]	1061	1114	1105	24	36	44	6	5		3	5	2	56	23	111	7	1	4	1144	909	953	3	1	1	1	1	5
[L1105Y]	934	939	999		5	40			7		42	34	1	29	112			1	91	1179	2066			1			1
[I1104Q]	775	770	794	43	41	96	14	1	27	143	72	250	117	151	205	25	2	6	1002	660	1235	3	4	6			
[T1080V]	811	811	773	32	15	19	20	2	5	112	12	4	254	11	12	3	2	1	2562	413	504	1	2	3			
[K1093F]	1010	1062	1021	652	369	426	353	169	176	12	2	3	64	61	33	63	15	19	190	54	24	25	13	26	174	96	86
[K1092T]	905	891	959	9	31	16		1			51	34	11	35	115		8		322	1892	832		4	2			
[S1091M]	891	881	920	13	93	6		183	2	14	122	6	1	152	274	1	141		505	527	1193		5	1		167	1
[G1097D]	752	800	770	16	3	7	4	5					1		2				155	44	53	1494	1992				
[A1076P]	961	997	996	6	15	70	2		7			2	1	1	2			3	1213	502	1253			4			
[K1092S]	975	964	1099	11	18	31		1	4	47	2	73	12	30	25				1024	577	956	6		3			
[K1093N]	1132	1137	1130	31	69	97	17	32	66	113	115	259	50	85	167	20	30	28	469	193	439	1	12	8	7	6	14
[A1090V]	935	951	994	7	1	28		1	8	48		14		4	7				185	42	2485	1		4			
[A1090N]	1097	1144	1192	3	4	32	1	1	1		1	1	1		41		1	1	458	41	1679	3	2	6			
[A1076G]	758	781	795	60	97	137	3	26	36	59	140	93	42	119	162			7	920	822	587	15	13			2	2
[K1102C]	1059	1041	1125	9	4	3	1	2		4		1		62	112				475	934	783		4				
[T1080F]	813	792	833	124	188	125	13	38	31	431	256	146	381	542	425	8	24	27	129	129	101	11	8	5	1	1	1
[I1104D]	1209	1099	1297	1	19	18	4	7	7	8	21	33	4	75	31		4		304	849	518			2			
[I1104W]	802	835	846	12	14	45	1		7	35	4	18	14	37	188			1	907	343	1350	1	1	3			
[A1090T]	787	702	744	3	9	42	3	1	10	1	6	35	1		57				51	487	2406		2	1			
[T1095N]	1002	973	1052		24	12			1	14	21	6	3	78	21	1	1	2	338	1563	165				1	1	1
[R1100V]	1030	1018	1060	3	11	40		4	5		11	52		12				1	337	698	886			1			
[K1102A]	1054	1068	1070	12	13	14	1	1	1	2			35	2	85	1			1028	157	506		6	3	1		1
[R1100F]	1009	864	1021		6	40			3	2	6	6	4	11	28	1		1	50	556	1303		2			5	
[K1093E]	1040	1074	1037	3	5	38	1		15	16		16	36	9	87		1	7	767	66	589		2	1			9
[P1099L]	1568	1482	1612		5					1			1	1	1	1	1	2	10	14	9					2	
[L1105F]	846	812	860	3	39	6	1	1	2	2	8	2	5	130	132	2		1	134	1485	222		7				1
[V1098Y]	1523	1467	1568	1		14				1	1	3	21	2	1				12	4	16		1	1			1
[V1089F]	1167	1124	1164	36	29	22	29	24	13	199	207	78	86	75	39	17	28	5	108	78	73		4	1	3	8	2
[G1097S]	696	649	647		36	23				1							7		33	1606	919					1	
[A1076N]	718	733	775	7	24	48		1	1				1					1	585	356	1242	3					
[N1106Y]	937	1002	960	6	8	17	2		2	1	2	2	5	4	4		1	1	422	564	524		3			1	
[M1079A]	836	868	830	8	52	34		3	4					1					110	90	84	1504	6			2	
[T1080Y]	734	700	772	39	74	135	15	20	28	88	145	164	214	449	321	8	32	20	60	91	194	4		5			6
[K1092N]	702	762	787	7	21	28			9	12	12	90	15	2	32				330	401	1103			2			1
[I1104K]	1237	1201	1226	4	5	26	1		3	19	15	47	13	23	37	5	4	1	135	100	192	2		1			
[K1092L]	844	780	846	11	12	23	2	1		58	2	46	90	24	82	6		1	913	95	440	1	1			1	
[L1101S]	897	769	819	116	141	142	44	39	28	45	28	26	157	237	68	12	10	3	408	93	99	53	31	9	1	2	
[R1100W]	1361	1287	1371		1	12	1				1	4	2	1	1	2			93	8	94			1			
[K1093-]	771	735	790	25	29	44	2	4	4	13	17	83	10	114	60			2	484	495	466	10		1			
[V1098-]	1237	1176	1211		6	23			3			4		1	5				40	61	364						
[K1102L]	1005	1121	1139	5	121	4		78	1	1	261		1	260	1	1	39	2	10	22	2		12	4		32	
[K1092-]	759	760	843		23	72		1	19		10	58		92	111		1	3		506	819		10	2			
[G1097H]	953	956	1003	8	27	14		3	8						15			3	225	537	175	108	1	5			13
[N1106F]	681	735	743	1		13	1	1	1	3	6	2	2	3	178			1	50	131	1483		2				1
[K1092C]	709	689	740	116	155	1	80	143		175	91	4	143	168	1	106	451		28	47	6		23	3	71	67	
[K1093L]	713	702	679	136	166	176	89	57	103	51	59	90	132	153	144	24	17	20	241	31	55	15	8	18	28	45	39
[E1103R]	741	798	752	16	60	110	14	7	25	1			1		1				275	404	643	4	119	3	4		11
[R1100-]	1280	1309	1352	2		1														1	2						
[F1086T]	1268	1284	1324	3	3	4	2	1	1	1					2			1	6	9	6	2					
[S1096T]	625	705	744	5	17	23	3	7	8	33	40	23	24	65	35		1	12	411	641	477	1	3	2			8
[A1076Q]	1104	1068	1181	8	26	18	1	3						2					149	79	33	186	9	29			
[P1099T]	1277	1191	1307	1		1		1	1		1			1	1			9	7	21	6						
[V1098Q]	1061	1078	1206	14	1	2	2	1		13		1	69			1			304	3	9	1	4				
[H1085Q]	1184	1165	1284		4	2				2			1	1	3			2	41	36	39				1		
[T1077C]	1223	1108	1197		2	1	1	1			2		1			1	1		64	63	50	1			1	2	
[I1104G]	957	904	963	1	11	3			1	5	1	5	4	16	4				290	406	129			1			
[I1104E]	843	837	843	7	15	41	1		2	16	15	49	92	42	38	1	5		280	129	410	2	4				
[L1105R]	1245	1152	1256												1						4						
[L1105N]	1140	1175	1186	3		17			1		2	38		1	1			1	3	28	59						
[K1092R]	1144	1117	1142	1	3	7	5		2	3	1	5	3	2	3	1	2	1	69	45	77	5					3
[V1094H]	1182	1079	1325		2	4		1			2				1			1	12	14	11						
[A1087C]	1159	1206	1234		1		1		1					1	1												
[K1102H]	995	1006	1005	1	55	5		53	1		85		1	82		2	109		65	9	30		3		1	66	
[V1094G]	1009	1144	1167	1	5		1	4	1	1	4		4	3	9	1			83	69	64		2				
[K1093M]	831	788	863	113	158	222	22	26	60	1	1	1	4	13	18	2	19	8	139	67	73	17	13	23	26	28	32
[K1102M]	1084	1107	1118	6	2	7	1	3	1	4	2			4		2	2		95	47	61		8				
[V1089L]	1086	1097	1100	2	5		1	1	1	5	4	17	3	1	6		1		49	29	124						
[I1104H]	603	592	607	18	51	99	16	15	38	26	50	110	10	80	124	19	2	3	256	388	405	1	6	8			
[F1084S]	1119	1118	1244		3										1				2	6	6						
[V1098S]	1147	1104	1161		3					1		4	3		1				57	1	9	2					
[S1096R]	664	702	789	12	6	16		1		1	10	1	11	31	78		1	1	589	303	269	2	1				
[K1102P]	1140	1202	1122		2	2						1		1					2	6	3						
[T1083S]	1137	1152	1164	2	2	2					1			1				2	4				2				
[V1089P]	1162	1167	1126	1	2	3			1						1					1	3				1		
[P1099Y]	1171	1112	1122		3	4				1			3	1		1		3	8	24	10		2				
[P1099A]	1170	1108	1157	1	4	2	1		1	1			1	2		1		1	2	5	5				2		
[T1080H]	1154	1075	1209		3	1	1			3	2						1	3	4	2	1	2			1		
[F1086Y]	785	887	833	2	2	7	2	1		1			50	64			8		548	202	56	6	5	1		1	
[F1086S]	1063	976	1159		3		1	1	1				12	20	1	1			127	63	19	1		1	1	1	1
[V1098E]	1037	1219	1175			1		1	1	1		1	1							1	4		5				1
[Q1078S]	1160	1103	1153	1	1	1		1	1					1		1	1		4	4	15						1
[R1100E]	1111	1059	1083	6		1			1		1	4	3					2	115	13	35						
[V1089D]	915	917	964	2	4	25			27	3	2	120	3	3	96		1	26	122	84	111		4	1			2
[S1091H]	915	855	890	6	5	12				1		5	3		26		1	1	298	31	334	1		3		1	
[A1087E]	1145	1115	1123		1									1			2				1						
[S1096P]	764	726	840	22	20	22	12	14	10	87	192	147	35	47	51	3	4	7	96	147	118	1	1	1	2		
[A1076E]	1086	1025	1163	1	1										2				34	21	27						
[V1098G]	802	824	869	4	8	3		3		8	7		36	47	18		1		154	352	207		4				
[A1090S]	920	933	998	4	17	4	1	2	1	4	41	3	3	11	13	1	4		93	137	139		5		1	4	2
[K1102Y]	982	1021	1011	12	2	4	5	1	1	14	1	5	25			2		1	113	66	70	1					1
[S1091T]	1101	1018	1169	1	6	2	2			4	3		1		1				4	1	5		2				
[P1099F]	1045	1090	1152		1					1		2		1	3				3	14	4					2	1
[G1097L]	1111	1127	1069		1																		1	3			
[V1098K]	1147	1068	1063	1					1		1			1				1	5	2	3						
[V1094C]	964	884	970		1	32		1	7		1	149	1	3	133		1	9	10	6	89			2	2	1	1
[P1099N]	1060	1102	1077	1				3			2	1	2	2	2				6	1	3					2	
[G1088I]	1134	1047	1068																		3						
[L1105V]	1031	1117	1084	3	2	1	1		2				1		1				1		1	1		2			3
[F1084Q]	1056	1021	1156		7	1							2	1							5			1			
[P1099D]	1056	1067	1071		5	3			1			1	2						11	13	12						1
[L1081V]	1077	1043	1063									1		1					17	12	18	1					
[L1101D]	1065	983	1082	1	5	3				5	8	11	1	9	3				11	20	24						
[M1079N]	960	924	979	8	9	8				1	3	2	2	31	5	1			123	66	100						
[L1101Q]	821	714	774	32	143	42	4	29	8	5	3	1	17	114	42			6	195	158	81	5	18	3			1
[V1089R]	1005	1069	1089	3		1				1									1	1	5				1		
[A1076H]	987	1018	1116		3	15													12	5		2	14				
[S1091P]	1043	977	1073	1	4	5	1				1	1	1	1					12	31	10	2					
[V1094R]	1007	1004	1089		4	1			1				2	1				1	15	8	16			1			
[E1103P]	1009	1050	1074		1	1							1						1	2	1						
[T1095C]	939	989	1083	1	3			1		2	1	1	1	2	3				29	28	42		10			1	
[A1087D]	1017	1004	1057	1		1			1					1					10	15	24			1			
[A1076Y]	1012	968	1084		3	7								1					21	13	21			1			
[P1099K]	1071	945	1092		4				1	2		1	2	1					3	3	2		2				
[V1089T]	1010	1077	1017	1	2	2			1	2				2					3	4							
[V1089W]	1040	1013	1034			1	1			2				1			1		13	5	3						
[L1101N]	908	894	1077	2	16	12	3	7	11	5	8	9	8	38	25		3	2	6	61	3	1			1	9	1
[F1086M]	982	1017	1041	11	2	1	1			13	1	4	13		2	2	1		3	1	6	1			1		
[A1076R]	972	959	1015	33		2	8			1	1		14	1					76	3	10		1				
[G1088A]	983	932	1057	1	2						1		4		6		1		34	28	42		1				2
[T1083P]	1022	968	1076		1						2		2			4					2	1					
[F1084I]	912	817	874	19	9	16	15		19		12	1	11		1			1	164	124	39	3	14		3	2	6
[K1093W]	788	773	822	25	40	28	15	12	1	5	3	1	1	1				1	7	22	26		42	428		2	8
[V1094S]	1065	967	984		1	3		1		1		4		1						3	8			3			
[L1105A]	990	955	1066		3	2					1		2	1					1			1					
[L1101E]	822	913	906	51	43	25	1	2				1	2		1	4			130	60	54	5		2			
[G1097A]	957	951	971		3	1				2		2	2		3				23	22	34	22	27				
[A1087F]	992	977	1043	1		1															5						
[Q1078R]	1013	985	1005		2								1								2						
[L1105G]	928	994	1086																								
[A1090P]	919	970	994		2	2			1	1									37	31	41	1				1	
[V1098P]	924	1054	1001	1	6	2							1							6	2						
[A1090Q]	957	999	992		2			2	3	1	1		1	2			1		8	8	9	1	8				
[F1086A]	975	970	1003		3		1				1		3	2	1				14	7	9					1	
[K1102V]	716	710	790	3	3	17		2	2	1				25	63				97	303	237	9			1		1
[G1088W]	1045	935	999										1														
[R1100D]	937	953	919		1	1					1		2		1				95	14	37		6	1			1
[T1077D]	987	962	1007			1															2						
[F1084H]	935	927	1057			1							1						5	7							
[L1101Y]	981	896	975	3	8	3	3			3	4	2	9	10	3	1	1	1	13	4	6		1	3	1	1	
[G1097K]	960	980	974			1					1				1					2	1	2	4				
[N1082S]	976	900	998		1	3		2			1			1				1	9	13	10		4				
[N1082I]	925	951	1003								2	1	1						5	16	9						
[A1087S]	901	833	920	4	1	1		1	3		1	1	1	5	4	1			82	59	69					1	
[V1089A]	879	840	1019	1	3	4			2			19	2	2	12			3	29	24	36					3	
[Q1078H]	837	839	890	1	7	2		1		1	1	2	3	3	7			1	103	101	78		1				
[V1089-]	997	904	965		1			1						1					2	2	2		1			1	
[Q1078I]	956	898	956	2	1									1					11	20	32						
[P1099Q]	816	862	926		2	6	1		3	1	1	7	4	6	10			2	104	53	66		1			1	
[V1098D]	914	867	1024			1				1				1	1				10	2	6						
[V1094T]	868	862	941	3	8			4			43			4			20	3	7	46	13						
[H1085L]	881	946	851	2	10	1		2						47			2			59	16		3			2	
[L1105-]	928	877	995		1													4		3	7						
[G1097-]	803	842	883	1	33	5	1	13	2		5	5		46					103	22	22		6			18	
[S1091E]	914	887	852		7	8		2		5	2		1	1	14		2		10	40	54		2				
[V1094D]	768	796	845	3	6	3	2	1		4	2		4	4	5	1	1		115	126	109				1		
[P1099-]	909	895	984							1			1						1	1			2				
[S1091W]	871	825	909	6	2	8	3	1	4	10	16	21		6	6	2	1	2	59	19	16	2			1	1	1
[A1087G]	915	882	951	1	1					1	1			1	1		1		10	6	16						
[K1102F]	901	869	925	2		1		2	1	1				1			1	1	6	52	19		4				
[L1105I]	768	822	830	1	3	4	3	2	3	1		2	3	12	17	4	2	1	24	163	101	2	1	6	2	2	1
[P1099R]	910	874	918		1	3					2		2	17				7		22	18					1	
[V1089C]	832	820	778	4	8	3				1				12			1	1	128	184						1	
[F1084P]	872	929	963		1																1						
[K1102D]	860	810	840	2	4	5		1	1		3		4	2	10	2	2		121	28	63					4	
[F1086C]	920	869	934	2	1	4			1	1					1	1		2	7	10	5	1				2	1
[T1080W]	879	1017	851		4					1	1			1							5						
[T1077F]	695	726	756				1												154	171	256						
[G1097F]	853	937	950	1	4														1	1	8		1				
[A1087L]	970	880	897			1					1								1	1	4						
[I1104-]	878	907	952	3		1														1	7						
[P1099W]	855	850	934		9	4					2					1	1		4	18	61						
[P1099H]	926	859	927			2	1		1		1	2		2	1	1	1	1		1	10				1		
[A1087M]	893	917	922																								
[V1094A]	868	800	942	1		20			1	1	2	3	2	2	4				34	17	28		1			1	
[Q1078W]	869	914	925	1	1				1												3			2			
[F1084A]	902	890	916			1														2	3		1				
[K1102W]	889	869	916	1	1	1			1	1				2	1				7	15	10						
[V1089Y]	904	882	899		2	2			1		1						3		3	4	12						
[T1077A]	953	827	894									1	1			1		1	3	28	3						1
[Q1078C]	884	840	967																3	8	10						
[V1098A]	864	863	935	10	5	4	4			12			1		1				4	1	3	2			1		
[T1083A]	866	872	954	1	2	1		1							1						4	3		2			
[F1084-]	926	844	929	1																2	5						
[A1090-]	888	848	885	2		4		1	5			6	1	3	3			2	19	20	10		1	1			
[T1077Q]	818	816	807		1	1				1	2	1						1	42	85	116	1					
[A1087Q]	894	825	962			1							1								1						
[P1099V]	858	889	904									1	1					1	4	11	10				1	1	1
[V1094M]	822	910	909		1	5			1	1	2		1		2		2		2	4	1		3				
[P1099M]	871	869	897		4	1	1		1			1							1	9	9					1	
[N1082T]	835	891	890	1	2	1	1			1			1					2	11	18	2						
[V1089E]	908	851	877	3		3		1				1				1			3	4	2						
[Q1078Y]	834	889	929																								
[L1081Y]	863	881	898																								
[K1102T]	904	841	878		1	1	1			1			1			2	1		3	3	5						
[K1102-]	840	881	916		2	1																					
[I1104P]	848	860	921	1		2							1	1					1		4						
[V1094P]	919	808	869	1	1	2													14	8	12	1					1
[L1101-]	788	955	890															2									
[M1079K]	903	811	862		11						4			1					11	23	4					1	
[T1077M]	921	781	898	2		5			1	1	1	1	1	2		1		1		7	4						
[T1080K]	887	784	922					1				1			1				3	6	18						
[Q1078E]	896	811	789	2	2	2								3	5				37	29	47						
[F1084N]	878	859	884																		1						
[G1088C]	822	843	879			2			3						2				19	30	20		1				
[F1084M]	915	830	860	1	2					2											8						
[N1082-]	930	789	895	1																	1						
[A1087-]	898	834	882																	1				1			
[I1104R]	809	870	929	3									2						1		1						
[K1102Q]	790	848	918	1	1	3				1	2	3						1	21	5	16	3					
[H1085A]	831	826	944	1																1	1						
[Q1078G]	866	891	845																								
[T1077W]	835	782	833																15	46	88						
[V1098C]	889	800	841	5						15			31	2					10	2	1		2				
[N1082Q]	814	858	874	2	2	3				1		1							7	9	12	8					
[G1097P]	842	875	842			1	1						2	1					4	6	8						
[G1088D]	846	800	863							2	1		1	1					16	20	23		1			1	
[S1091R]	788	899	856		2	2		4		2	2						1		2	3	7					1	
[F1086I]	813	844	889	1		2			1		1							2	2	4	7						
[V1089G]	836	823	847	2	1								5	1	5				19	6	17		1				
[S1091L]	858	800	843	4	7		1	1		1				1	1				15	1	17		2	4		1	
[L1105W]	807	805	868	1	1	1					1	2	1	1	5				24	8	26	1	3				
[K1093R]	835	890	800	3	1				2	3	5	3	2	3	1		1	1	1	2					1		
[H1085V]	837	816	897			1															2						
[L1101H]	793	817	867	10	5	7		3	1		2	3	1	7	7				18		6			1			
[G1097I]	873	779	883		1														2	4	4						
[F1086W]	820	808	890	2	1			1	1		1		1	3	2				6	6	4						
[A1087T]	772	795	841	3		2		1		2	1	3	1	2	4		1		38	27	43						
[K1093D]	721	754	748	18	18	31	14	10	20	25	26	30	18	27	22	11	4	8	2	4	10		2	3	1	5	2
[G1088M]	816	845	868			2															1						
[N1106P]	778	853	868	3		1						2		1			1		4	3	6		2				
[N1082M]	841	871	781		1		2		2	1	1	1	1						7	6	4	1			1		
[F1084K]	846	841	829			2													1	1							
[F1084T]	842	812	844		1						2			1						8	9						
[N1082E]	852	814	825	2	1						3	2		1					1	8	3	1	1		1		
[T1080S]	785	768	758		3	2	1		2	1		4	4	2	6	1	1		61	53	58		2	1			1
[H1085D]	844	838	825		1	2																					
[G1088R]	868	795	846										1														
[T1083F]	820	852	815		3	5				5			2						2		2						
[T1083H]	820	795	847	1	6	1	1	3						2			1		13	9	3						
[T1077H]	686	673	691		1														11	57	374					1	
[P1099I]	822	827	821			1			1		1			2					4	7	3						
[L1105T]	796	797	872	1	4							1			1					2	14						
[H1085G]	831	736	912			3																1					
[T1077E]	829	822	810		1									1					5	8	1						
[T1083E]	819	813	838					1		1	1							1	1								
[P1099S]	828	847	768		5		1	2			3	1	1	1		1	2		1	8	2		1				
[F1084W]	820	815	836						1																		
[S1091F]	705	719	718	3	5	4	2	1	4	1	6	3	2	94	3	1			17	103	68						1
[T1080P]	844	778	830	1																	5					1	
[Q1078K]	772	729	735		1	1		1		1		1	4	4	5				67	53	79		5	1			
[N1106D]	699	695	698	9	4	3	1		1	3	1	5	33	4	7	2	1		120	83	81	1	4	1			1
[G1088V]	783	817	783		1									1	2	1			27	14	22				1		1
[G1088L]	809	814	826	2																							
[L1081E]	816	803	820						1					1													
[T1077L]	791	794	822		3					1	1			1		1		1	8	8	2		1				
[M1079P]	757	707	858										1						42	15	44						
[V1094F]	730	750	757		1	1						2	1	3	7		1		66	50	46		2			1	1
[V1089Q]	812	777	811		1	1		1							2			1	2	1	5						
[G1097Q]	799	723	779	15	1	1	55			11	1		16					1			1				7		1
[Q1078T]	818	802	769			2			1										4	3	7				1	2	1
[T1077N]	775	682	771		1		1				1								27	110	36	3	1				
[T1077S]	718	704	831		1	1				2	1	1	1			1			14	38	83	1					
[L1081G]	795	798	801																		3						
[V1094L]	851	752	778	2		1		1		1	1	2	1					1		1				2			
[F1084Y]	796	732	858		2											2											
[N1082F]	779	817	786		2							1							2	2							
[M1079-]	779	790	814										1	1							3						
[V1094Q]	779	786	780		1	1	2		1							2			11	9	5					1	
[P1099C]	815	747	800		1	1		1			3								2	5	2					1	
[T1083M]	727	795	842		1	1			2										1		4					1	
[H1085Y]	727	829	795		3									1			1	1	1	1	15						
[H1085W]	811	769	791																								
[T1077K]	725	648	784			3	2		1	1	1	1	2	3	5	1			70	51	70		1		1		
[M1079R]	698	703	678	103			11	1					95			6			48		3	6		3	15		
[F1084E]	783	800	786																								
[A1087H]	748	806	808			1															5						
[L1101G]	678	699	821	3	3	3	1		1	8	1		2	8					41	4	88						1
[T1095P]	765	707	782	1						2	13	3	1	3					16	53	13		1			1	
[A1087P]	785	732	784			3												1	5	6	45						
[A1087K]	781	760	795	2	2		2						4								9	2	1				
[V1089N]	778	755	801	1	2	1	1			2	2	3		1	2				1	2							2
[T1083I]	769	798	774										1		1						1						
[V1089S]	776	778	769	1	1			1						1	2			1	2					1			
[T1083C]	768	743	812	1	3										1			1	2						1	1	
[S1096-]	764	729	795		1				1	1			1		1				16	8	11						
[G1088N]	759	723	845						1																		
[T1080R]	764	773	767	2	5					1	4	1					1			3				3			
[P1099G]	776	749	762							4	2	3	1	2	1	1		1	5	1	1		14				
[T1077Y]	801	715	788			2	1	1										1		1	3						
[G1097W]	747	770	790		1																1						
[P1099E]	758	776	742	1		1	2												5	10	7		3			1	1
[V1094K]	721	801	737	1									1	1		1			17	17	3		1				
[N1082A]	764	734	784			1		1		1	1										6		3				
[S1091K]	772	729	734	3	1	1	3		3	7	2	1	7		5	1	1	1	8	6	8				1		
[G1097Y]	728	809	750		1	1														1	3		1				
[G1097N]	728	717	758	3		8			15				2		1				47	6	3						4
[K1102E]	758	783	710	2	1							1		11	1				6	5	4		2				
[G1097M]	733	718	818		1	1													2	3	4						
[S1091A]	719	756	778		1	2		1	1					1		3			7	2	1		3		1		
[T1083-]	773	720	780																								
[A1090I]	757	719	738	3		1										2			7	23	22	1					
[A1090R]	767	684	795	1	3	1								1		1			6	4	7	1					
[Q1078A]	796	702	762				1	1			1	1		2						1	3						
[G1097C]	750	696	723		1	2				1	1							1	28	32	31			4			
[V1098L]	685	671	735	3	8	2			2	1	1	3	5	45	6		1		15	38	31	4	11				
[T1083Q]	736	753	767		1	1							1							2	1	1			1	2	
[S1096G]	774	706	739	4	1	3		1			2	2	1	4	3			1	6	9	7						
[T1083V]	763	715	773	1	1				1										1	1	2						1
[M1079D]	524	549	609	53	29	68	24	11	7	2	1	3	20	10	32	3	2		172	14	96	21	2	1	1	1	2
[T1083N]	759	686	790	1	4	2			1					1					2		4						
[L1081I]	724	695	735									1	1	1	2				34	30	23	2					
[Q1078F]	719	778	741	6	1	1																					
[L1081K]	786	736	718		1													5									
[V1094Y]	720	723	778	2	1	3	2			1				1					2	4	6						1
[A1090W]	774	690	734	7	1									1		1		2	7	14	5	1	7				
[T1083K]	735	767	737			1					1								1	1							
[N1082P]	724	771	743		2																						
[V1098R]	724	733	747			1								1			1		1	7	18		5				
[Q1078V]	763	734	723		3	1				1	1				1		1				2						
[G1088T]	740	702	777		2																		1				
[S1091-]	743	707	733	1	1			1							2			1	7	13	7						
[G1088H]	757	711	741		6																						
[N1106E]	687	648	680	3	3	1				2				1	1			1	123	47	13		4				
[G1088K]	705	761	742											1													
[T1095K]	667	681	781	1		1	1			2	3		1	5			1		11	34	15		3	1			
[K1102S]	614	648	630	20		3	25		2	102	2		90		2	22			23	2	12				10		
[L1105S]	680	722	788								1			3							1						
[F1086V]	735	717	726		3				1							1			3	3	6						
[H1085R]	722	720	748	2		1																					
[L1081H]	615	594	594	1	5	4	1			2	3	6	8	4	4				128	89	121		3	1		1	1
[T1077R]	645	645	619		1	6	1		1	2	1	5	2	3	5				95	69	79		1		1		
[L1105H]	721	751	699	2								1						1			4						
[Q1078L]	741	682	732		1														7	2	9						
[F1086P]	696	702	752			2			1			1			4					1							
[Q1078M]	737	646	750		1													1		8	13					1	
[H1085K]	687	727	720		7														1	1	3	4					
[G1088P]	699	708	737	2																	4						
[H1085F]	704	690	739		4																						
[L1081-]	710	709	716																								
[A1076-]	697	695	741	1																							
[L1105E]	708	706	713											1	1				1	1							
[T1083D]	690	733	701	1	2									1							1						
[T1080A]	646	654	682	1	2	2	1		1			1		1	5		1		40	49	40		1				
[T1095-]	680	699	719		1	3		1						1				1	3	11	6						
[H1085-]	692	727	698	2																	1						
[T1080N]	575	649	596	1	9	10	2	2	4	19	14	20	13	14	16	1		4	54	29	73		1		1	1	2
[G1097V]	710	661	629			3							1	3	2				30	30	36	1					
[L1081D]	650	717	735																1		2						
[Q1078D]	676	686	728												1				2	5	6						
[H1085E]	674	701	721	2																	3						
[L1105D]	650	707	730			1							1						2	3	3						
[G1088E]	688	658	742		1																6						
[G1097T]	695	674	714										1				1			3	3		2	1			
[L1101W]	658	678	706	1	3	5	1			3	5	4	3	2	4				7	1	8						
[N1082L]	688	708	672										1						4	3	6						
[M1079E]	669	671	688	9	9	13													13	4	5		1				
[F1084L]	673	667	714	1									2	1					6	5	8		2				
[L1081F]	641	646	733	1		9			2		1		1	1	2			6	9	14	11						
[T1080C]	730	664	668	1				1			1				1	1		1	2			4				1	
[N1082K]	601	613	626	2	3				1	1		2	4	5	4		1		59	77	74		2				
[L1081A]	697	654	719																		3						
[L1101P]	696	651	715			2		1	1			1		1	1					1							
[G1097R]	657	646	692		2	3											1		1	1	65						
[E1103-]	679	696	683		1	3															1				1		
[F1086-]	722	631	709																								
[H1085M]	727	674	660																								
[A1076F]	635	655	624		3	1			2			1			2			1	71	9	55						
[V1098W]	599	697	737	3	1					1			1	1			1		4	9	3						
[L1105K]	622	706	700			1													6	11	5						
[L1081R]	680	679	690																		2						
[L1081P]	656	715	673			1															5				1		
[V1094E]	687	674	665		1										1				11	6	4						
[N1082V]	714	719	603	1	2							1							3		4						
[F1084D]	686	648	708																								
[T1077P]	653	671	655		4	1	1		2					2	1				18	12	21						
[T1080-]	720	647	668	2	1																						
[G1088Y]	674	613	751																								
[L1081M]	669	676	664			4						2				1		2	7	1	3						
[V1094N]	651	610	695	1	1	6		1	2	1			1						4	3	50						1
[A1090K]	626	683	691		1		1						1		1		1	2	2	9	6		1			1	
[F1086D]	696	617	699		4	1						1						1	1		3						
[N1082D]	647	603	618	1	3	3					3	22	1						13	38	53		5	1			
[T1077-]	661	655	686																		2						
[L1081N]	692	686	624	1	1																						
[V1094-]	627	698	633														1	1	15	20	8						
[H1085I]	649	644	701		1																1	3	1				
[T1095W]	673	646	640	3	1							1	2						16	11	3	1		1			
[H1085S]	658	664	670			1																					
[F1084R]	666	609	707																		2	1	1				
[A1087I]	641	650	674	1															2	2	2						
[A1087R]	649	608	700	3																	7						
[H1085T]	651	641	667																		7						
[F1086R]	678	640	626		2			1					3		1			1	6	4	3						
[R1100P]	601	654	640									1			1				32	11	15	1					
[V1094I]	625	559	654	1	1	5	1						4		6			2	27	20	32	2	13	1			
[L1105C]	591	702	650		3	1					1							1		1							
[A1087Y]	688	636	621	1																	3						
[V1089H]	617	630	682		1							1						1	5	8					1		
[L1081T]	644	618	679			1							1								1						
[G1088-]	640	579	680		8	2					21			1					1	7	1						
[T1080G]	654	580	620	2		3						2	1						21	17	39						
[F1086Q]	601	580	667		1	3				1	1	10			30				7	2	14			1			
[N1082W]	636	579	692		3	1						1	1						3	1							
[F1086N]	638	648	612	1	1				1										5	2	2						
[V1089K]	615	658	625	1	2					1								1			2			1			1
[N1082R]	630	649	604	3													1		8	2	3						
[F1084C]	646	612	634		3															1			3				
[T1077G]	600	585	618										1						24	3	66						
[F1086H]	634	627	622			1	1					1			1		1								1		
[N1082C]	580	627	617		1	1			1		1			1		2			6	16	5			1			
[L1081Q]	597	638	624																								
[L1101K]	578	645	589	6	3	5	2	2	1	2	1	1	1	6	3				2	2	7					1	
[L1081C]	578	617	652	1																1	3						
[A1087W]	644	575	606	2														4									
[S1091G]	581	617	580		3	1	1		2		2				1				4	5	1	6					1
[F1086G]	543	646	601	1		1											1				2						
[H1085N]	572	595	626			1																					
[N1082G]	593	594	600		2					1											2		1				
[T1083L]	610	566	602		1																1						
[V1094W]	640	556	550	1	2	1						1		2				2	4	13	4				1	1	1
[N1082Y]	558	556	634		1	2						3							4	7	12		1				
[S1091V]	555	504	576	1	2	4			1					3	2				18	7	94		6				
[T1080E]	630	532	605				1					1							1	1							
[K1092G]	578	506	601		1	3		1	1	2	1		2	1	2		1		27	9	29						
[L1081W]	575	615	563		3																1						
[M1079F]	520	541	510	4	6	2		2			15	1	1	2	9				8	102	6	2					
[G1088Q]	637	505	569								1																
[G1088S]	587	547	575			1																	1				
[F1086E]	533	543	612										1		1				1	4	5						
[A1087V]	529	525	589		1					1		1			2				17	17	15						
[S1091Y]	530	522	564	3	5	5	4	3	4	6	3	5	12	4	3	2	2	3	4	2	3		1		2	2	2
[T1080D]	566	559	553	1				1					3						7	2	2						
[T1083Y]	548	549	572		1											1	1				5						
[L1105P]	558	536	561			1						3								2	6						
[Q1078N]	557	544	555	1						1										4	2						
[G1088F]	565	547	538																	1	4						
[F1086K]	531	550	525						1						1		1		2	4	8						
[M1079G]	466	476	542		1	7			14		1	4			33				10	9	41	1		3			14
[F1084V]	561	542	499	1															4								
[H1085P]	531	532	542																	1							
[T1077V]	526	510	542			1					1						2		1	7	4						
[L1081S]	516	529	539																								
[T1083W]	513	540	520				1																				
[A1076W]	523	504	507		1				2			1							12	16	6						
[T1083R]	533	495	532			1																3	1				
[H1085C]	475	528	520																		3						
[N1082H]	513	491	517	2									1								1						
[A1087N]	482	488	542		1																						
[L1101R]	479	495	511	2				1																			
[T1080Q]	513	459	471	2	1													1		7	8				1	1	
[F1084G]	504	442	512		1																						
[A1076K]	478	452	422		1	1									1				35	3	22						
[T1077I]	479	414	414	1				1		1					3				2	8	15						
[L1105Q]	442	442	430			2													1								
[Q1078P]	470	408	407	1															6	7	9						
[T1083G]	426	410	411																								
[Q1078-]	308	274	282																								